2 3 4 5 6 8 13 17 12 14 15 1 1 0 0 0 0 0 0 0 0 0 1 1 1 0 0 0 0 0 0 0 0 0 0 0 0 0 0 0 0 0 0 0 0 0 0 0 0 0 0 0 1 0 0 0 0 1 0 0 0 1 0 0 0 0 0 0 0 0 0 0 0 0 0 0 0 0 0 0 1 0 1 1 0 0 0 0 0 0 0 0 0 0 0 0 0 24 2 9 20 10 14 16 17 19 26 3 4 22 11 15 18 12 21 27 5 6 23 13 17 19 14 16 4 28 7 24 6 10 20 13 23 5 3 2 25 8 12 21 15 18 6 24 9 26 7 11 22 8 25 8 25 11 4 22 28 24 9 27 13 23 10 9 20 27 28 7 26 17 19 14 13 16 23 5 3 2 12 21 15 8 18 25 4 26 2 14 16 17 10 19 20 6 27 3 15 18 12 11 21 22 7 28 5 
2 3 4 5 6 10 11 14 12 15 17 1 1 0 0 0 0 0 0 0 0 0 1 1 1 0 0 0 0 0 0 0 0 0 0 0 0 0 0 0 0 0 0 0 0 0 0 0 0 0 0 0 0 0 1 1 0 0 1 0 0 0 0 0 0 0 0 0 0 0 0 0 0 0 0 0 0 0 0 0 1 0 0 1 0 1 0 0 0 0 0 0 0 0 0 0 0 24 2 9 13 23 17 16 19 14 26 3 4 8 25 12 18 21 15 27 5 6 10 20 14 19 16 17 4 28 7 9 27 13 20 23 10 5 3 2 11 22 15 21 18 12 6 24 9 4 28 8 22 25 11 10 20 13 6 23 24 26 28 7 11 22 8 7 25 26 27 24 9 14 16 17 10 19 20 2 5 3 12 21 15 8 18 25 28 7 5 15 18 12 11 21 22 26 4 2 17 19 14 13 16 23 27 6 3 
2 3 4 5 6 11 13 14 12 15 17 1 1 0 0 0 0 0 0 0 0 0 1 1 1 0 0 0 0 0 0 0 0 0 0 0 0 0 0 0 0 0 0 0 0 0 0 0 0 0 0 0 0 0 0 1 0 1 1 0 0 0 0 0 0 0 0 0 0 0 0 0 0 0 0 0 0 0 0 0 1 0 0 1 0 1 0 0 0 0 0 0 0 0 0 0 0 24 2 9 23 10 17 16 19 14 26 3 4 25 11 12 18 21 15 27 5 6 20 13 14 19 16 17 4 28 7 27 6 13 20 23 10 5 3 2 22 8 15 21 18 12 6 24 9 28 7 8 22 25 11 11 22 8 7 25 26 27 24 9 13 23 10 9 20 27 28 26 4 14 16 17 10 19 20 2 5 3 12 21 15 8 18 25 7 26 5 15 18 12 11 21 22 4 28 2 17 19 14 13 16 23 6 24 3 
2 3 4 5 9 8 10 17 12 14 15 1 1 0 0 0 0 0 0 0 0 0 1 1 0 0 0 1 0 0 0 0 0 0 0 0 0 0 0 0 0 0 0 0 0 0 0 0 0 0 0 0 1 0 1 0 0 0 0 0 0 1 0 0 0 0 0 0 0 0 0 0 0 0 0 0 0 0 0 0 1 0 1 1 0 0 0 0 0 0 0 0 0 0 0 0 0 24 2 6 20 13 14 16 17 19 26 3 7 22 8 15 18 12 21 27 5 9 23 10 17 19 14 16 4 28 7 24 9 10 20 13 23 5 3 2 25 11 12 21 15 18 9 27 6 28 7 8 25 11 22 8 25 11 4 22 26 24 9 27 10 20 13 6 23 27 26 4 28 17 19 14 13 16 20 5 3 2 12 21 15 8 18 22 4 28 2 14 16 17 10 19 23 6 24 3 15 18 12 11 21 25 7 26 5 
2 3 4 5 9 8 13 17 12 14 15 1 1 0 0 0 0 0 0 0 0 0 1 1 0 0 0 1 0 0 0 0 0 0 0 0 0 0 0 0 0 0 0 0 0 0 0 0 0 0 0 0 1 0 0 0 0 1 0 0 0 1 0 0 0 0 0 0 0 0 0 0 0 0 0 0 0 0 0 0 1 0 1 1 0 0 0 0 0 0 0 0 0 0 0 0 0 24 2 6 20 10 14 16 17 19 26 3 7 22 11 15 18 12 21 27 5 9 23 13 17 19 14 16 4 28 7 24 6 10 20 13 23 5 3 2 25 8 12 21 15 18 9 27 6 28 4 8 25 11 22 8 25 11 4 22 26 24 9 27 13 23 10 9 20 24 28 7 26 17 19 14 13 16 20 5 3 2 12 21 15 8 18 22 4 26 2 14 16 17 10 19 23 6 27 3 15 18 12 11 21 25 7 28 5 
2 3 4 5 9 11 13 14 12 15 17 1 1 0 0 0 0 0 0 0 0 0 1 1 0 0 0 1 0 0 0 0 0 0 0 0 0 0 0 0 0 0 0 0 0 0 0 0 0 0 0 0 0 0 0 1 0 1 1 0 0 0 0 0 0 0 0 0 0 0 0 0 0 0 0 0 0 0 0 0 1 0 0 1 0 1 0 0 0 0 0 0 0 0 0 0 0 24 2 6 23 10 17 16 19 14 26 3 7 25 11 12 18 21 15 27 5 9 20 13 14 19 16 17 4 28 7 27 6 13 20 23 10 5 3 2 22 8 15 21 18 12 9 27 6 26 4 11 25 22 8 11 22 8 7 25 28 27 24 9 13 23 10 9 20 24 28 26 4 14 16 17 10 19 23 2 5 3 12 21 15 8 18 22 7 26 5 15 18 12 11 21 25 4 28 2 17 19 14 13 16 20 6 24 3 
2 3 4 5 18 10 21 23 16 27 28 1 1 0 0 0 0 0 0 0 0 0 1 1 0 0 0 0 0 0 0 0 0 0 0 0 1 0 0 0 0 0 0 0 0 0 0 0 0 0 0 0 0 0 1 0 0 0 0 0 0 0 0 0 0 1 0 1 0 0 0 0 0 0 0 0 0 0 0 0 0 0 0 0 1 0 0 0 0 0 0 0 0 0 0 1 1 24 2 21 13 18 11 12 7 26 26 3 16 8 19 13 14 9 27 27 5 18 10 21 8 15 4 28 4 28 7 9 14 15 16 11 22 5 3 2 11 16 10 17 6 24 18 12 21 20 3 28 2 25 11 10 20 13 6 23 8 22 17 19 21 15 18 17 12 3 5 22 8 23 10 20 19 13 26 7 24 9 16 17 19 12 14 5 25 2 27 27 6 24 23 9 22 14 25 4 28 7 26 25 4 23 15 20 6 
2 3 4 5 18 13 20 21 19 24 26 1 1 0 0 0 0 0 0 0 0 0 1 1 0 0 0 0 0 0 0 0 0 0 0 0 1 0 0 0 0 0 0 0 0 0 0 0 0 0 0 0 0 0 0 0 0 1 0 0 0 0 0 0 1 1 0 0 0 0 0 0 0 0 0 0 0 0 0 0 0 0 0 0 0 0 0 1 0 0 0 0 1 0 1 0 0 24 2 21 10 8 18 15 4 28 26 3 16 11 10 19 17 6 24 27 5 18 13 11 21 12 7 26 4 28 7 6 12 14 19 8 25 5 3 2 8 13 16 14 9 27 18 12 21 23 26 3 5 22 8 13 23 10 9 20 11 22 17 19 20 13 23 16 10 28 7 24 9 21 15 18 17 12 3 2 25 11 19 14 16 15 17 2 25 27 5 24 9 27 20 6 25 14 4 22 26 4 28 22 7 20 15 6 23 
2 3 4 5 18 13 21 23 19 24 28 1 1 0 0 0 0 0 0 0 0 0 1 1 0 0 0 0 0 0 0 0 0 0 0 0 1 0 0 0 0 0 0 0 0 0 0 0 0 0 0 0 0 0 0 0 0 1 0 0 0 0 0 0 0 1 0 1 0 0 0 0 0 0 0 0 0 0 0 0 0 0 0 0 0 0 0 1 0 0 0 0 1 0 0 0 1 24 2 21 10 18 11 15 4 26 26 3 16 11 19 13 17 6 27 27 5 18 13 21 8 12 7 28 4 28 7 6 14 15 19 8 22 5 3 2 8 16 10 14 9 24 18 12 21 23 3 28 5 22 11 13 23 10 9 20 11 22 17 16 21 15 18 17 12 3 2 25 8 23 10 20 19 13 26 4 27 9 19 14 16 15 17 2 25 5 24 24 9 27 20 6 25 14 22 7 28 7 26 25 4 23 12 20 6 
2 3 4 5 21 10 18 20 19 24 26 1 1 0 0 0 0 0 0 0 0 0 1 1 0 0 0 0 0 0 0 0 0 0 0 0 0 0 0 1 0 0 0 0 0 0 0 0 0 0 0 0 0 0 1 0 0 0 0 0 0 0 1 0 1 0 0 0 0 0 0 0 0 0 0 0 0 0 0 0 0 0 0 0 0 0 0 1 0 0 0 0 1 0 1 0 0 24 2 18 13 21 8 15 4 28 26 3 19 8 16 10 17 6 24 27 5 21 10 18 11 12 7 26 4 28 7 9 17 12 19 8 25 5 3 2 11 19 13 14 9 27 21 15 18 23 3 28 2 25 11 10 20 13 6 23 11 25 14 16 18 12 21 14 15 3 5 22 8 20 13 23 16 10 26 7 24 9 19 14 16 15 17 5 22 2 27 24 9 27 20 6 22 17 25 4 26 4 28 22 7 23 12 20 6 
2 3 4 5 21 13 18 20 16 26 27 1 1 0 0 0 0 0 0 0 0 0 1 1 0 0 0 0 0 0 0 0 0 0 0 0 0 0 0 1 0 0 0 0 0 0 0 0 0 0 0 0 0 0 0 0 0 1 0 0 0 0 1 0 1 0 0 0 0 0 0 0 0 0 0 0 0 0 0 0 0 0 0 0 1 0 0 0 0 0 0 0 0 0 1 1 0 24 2 18 10 21 8 12 28 7 26 3 19 11 16 10 14 24 9 27 5 21 13 18 11 15 26 4 4 28 7 6 17 12 16 25 11 5 3 2 8 19 13 17 27 6 21 15 18 20 3 28 5 11 22 13 23 10 9 20 8 25 19 14 18 12 21 14 15 3 2 8 25 20 13 23 16 10 26 4 9 27 16 17 19 12 14 2 22 5 24 26 4 28 22 7 23 15 20 6 27 6 24 23 9 25 17 22 7 
2 3 4 5 21 13 18 23 16 27 28 1 1 0 0 0 0 0 0 0 0 0 1 1 0 0 0 0 0 0 0 0 0 0 0 0 0 0 0 1 0 0 0 0 0 0 0 0 0 0 0 0 0 0 0 0 0 1 0 0 0 0 1 0 0 0 0 1 0 0 0 0 0 0 0 0 0 0 0 0 0 0 0 0 1 0 0 0 0 0 0 0 0 0 0 1 1 24 2 18 10 21 11 12 7 26 26 3 19 11 16 13 14 9 27 27 5 21 13 18 8 15 4 28 4 28 7 6 17 15 16 11 22 5 3 2 8 19 10 17 6 24 21 15 18 20 3 26 5 22 8 13 23 10 9 20 8 25 14 16 18 12 21 14 15 3 2 25 11 23 10 20 19 13 28 7 24 9 16 17 19 12 14 2 22 5 27 27 6 24 23 9 25 17 22 4 28 7 26 25 4 20 12 23 6 
2 3 4 6 7 5 20 22 9 12 17 1 1 0 0 0 0 0 0 0 0 0 1 0 1 1 0 0 0 0 0 0 0 0 0 0 0 0 0 0 0 0 0 0 0 0 0 0 0 1 0 0 0 0 0 0 0 0 0 0 0 0 0 0 1 0 1 0 0 0 0 0 0 0 0 0 0 1 0 0 1 0 0 0 0 1 0 0 0 0 0 0 0 0 0 0 0 24 9 27 2 8 25 6 16 14 26 4 28 3 10 20 7 18 15 27 6 24 5 11 22 9 19 17 4 28 7 26 12 21 2 20 10 6 24 9 27 14 16 3 22 11 7 26 4 28 15 18 5 23 13 5 3 2 28 7 26 4 21 12 20 13 23 16 17 19 14 8 22 22 8 25 18 12 21 15 10 23 9 27 6 5 3 2 24 17 19 12 21 15 8 25 11 18 20 13 17 19 14 13 23 10 16 25 11 
2 3 4 6 7 5 20 25 9 12 14 1 1 0 0 0 0 0 0 0 0 0 1 0 1 1 0 0 0 0 0 0 0 0 0 0 0 0 0 0 0 0 0 0 0 0 0 0 0 1 0 0 0 0 0 0 0 0 0 0 0 0 0 0 1 0 0 0 0 1 0 0 0 0 0 0 0 1 0 0 1 0 1 0 0 0 0 0 0 0 0 0 0 0 0 0 0 24 9 27 2 8 22 6 16 17 26 4 28 3 10 23 7 18 12 27 6 24 5 11 25 9 19 14 4 28 7 26 12 18 2 20 13 6 24 9 27 14 19 3 22 8 7 26 4 28 15 21 5 23 10 5 3 2 28 7 26 4 21 15 20 13 23 16 17 19 14 8 25 25 11 22 21 15 18 12 13 23 9 27 6 5 3 2 24 17 16 12 21 15 8 25 11 18 20 10 14 16 17 10 20 13 19 22 11 
2 3 4 6 7 5 20 25 9 12 17 1 1 0 0 0 0 0 0 0 0 0 1 0 1 1 0 0 0 0 0 0 0 0 0 0 0 0 0 0 0 0 0 0 0 0 0 0 0 1 0 0 0 0 0 0 0 0 0 0 0 0 0 0 1 0 0 0 0 1 0 0 0 0 0 0 0 1 0 0 1 0 0 0 0 1 0 0 0 0 0 0 0 0 0 0 0 24 9 27 2 8 22 6 16 14 26 4 28 3 10 23 7 18 15 27 6 24 5 11 25 9 19 17 4 28 7 26 12 18 2 20 10 6 24 9 27 14 19 3 22 11 7 26 4 28 15 21 5 23 13 5 3 2 28 7 26 4 21 12 20 13 23 16 17 19 14 8 22 25 11 22 21 15 18 12 13 20 9 27 6 5 3 2 24 17 16 12 21 15 8 25 11 18 20 10 17 19 14 13 23 10 16 25 8 
2 3 4 6 7 5 22 23 9 15 17 1 1 0 0 0 0 0 0 0 0 0 1 0 1 1 0 0 0 0 0 0 0 0 0 0 0 0 0 0 0 0 0 0 0 0 0 0 0 1 0 0 0 0 0 0 0 0 0 0 0 0 0 0 0 0 1 1 0 0 0 0 0 0 0 0 0 1 0 0 0 0 0 1 0 1 0 0 0 0 0 0 0 0 0 0 0 24 9 27 2 25 11 6 19 14 26 4 28 3 20 13 7 21 15 27 6 24 5 22 8 9 16 17 4 28 7 26 21 15 2 23 10 6 24 9 27 16 17 3 25 11 7 26 4 28 18 12 5 20 13 5 3 2 28 7 26 4 18 12 22 8 25 18 12 21 15 13 23 23 10 20 19 14 16 17 8 25 9 27 6 5 3 2 24 19 14 15 18 12 11 22 8 21 10 20 17 19 14 13 23 10 16 11 22 
2 3 4 6 7 5 22 25 9 14 17 1 1 0 0 0 0 0 0 0 0 0 1 0 1 1 0 0 0 0 0 0 0 0 0 0 0 0 0 0 0 0 0 0 0 0 0 0 0 1 0 0 0 0 0 0 0 0 0 0 0 0 0 0 0 0 1 0 0 1 0 0 0 0 0 0 0 1 0 0 0 0 1 0 0 1 0 0 0 0 0 0 0 0 0 0 0 24 9 27 2 25 22 6 17 14 26 4 28 3 20 23 7 12 15 27 6 24 5 22 25 9 14 17 4 28 7 26 21 18 2 13 10 6 24 9 27 16 19 3 8 11 7 26 4 28 18 21 5 10 13 5 3 2 28 7 26 4 15 12 22 8 25 18 12 21 15 20 23 25 11 22 21 15 18 12 23 20 9 27 6 5 3 2 24 19 16 14 16 17 10 20 13 19 8 11 17 19 14 13 23 10 16 11 8 
2 3 4 6 7 5 23 25 9 14 15 1 1 0 0 0 0 0 0 0 0 0 1 0 1 1 0 0 0 0 0 0 0 0 0 0 0 0 0 0 0 0 0 0 0 0 0 0 0 1 0 0 0 0 0 0 0 0 0 0 0 0 0 0 0 0 0 1 0 1 0 0 0 0 0 0 0 1 0 0 0 0 1 1 0 0 0 0 0 0 0 0 0 0 0 0 0 24 9 27 2 11 22 6 17 19 26 4 28 3 13 23 7 12 21 27 6 24 5 8 25 9 14 16 4 28 7 26 15 18 2 13 23 6 24 9 27 17 19 3 8 25 7 26 4 28 12 21 5 10 20 5 3 2 28 7 26 4 15 18 23 10 20 19 14 16 17 22 8 25 11 22 21 15 18 12 23 10 9 27 6 5 3 2 24 14 16 14 16 17 10 20 13 19 25 11 15 18 12 11 22 8 21 20 13 
2 3 4 6 7 5 23 25 9 15 17 1 1 0 0 0 0 0 0 0 0 0 1 0 1 1 0 0 0 0 0 0 0 0 0 0 0 0 0 0 0 0 0 0 0 0 0 0 0 1 0 0 0 0 0 0 0 0 0 0 0 0 0 0 0 0 0 1 0 1 0 0 0 0 0 0 0 1 0 0 0 0 0 1 0 1 0 0 0 0 0 0 0 0 0 0 0 24 9 27 2 11 22 6 19 14 26 4 28 3 13 23 7 21 15 27 6 24 5 8 25 9 16 17 4 28 7 26 15 18 2 23 10 6 24 9 27 17 19 3 25 11 7 26 4 28 12 21 5 20 13 5 3 2 28 7 26 4 18 12 23 10 20 19 14 16 17 8 25 25 11 22 21 15 18 12 10 20 9 27 6 5 3 2 24 14 16 15 18 12 11 22 8 21 20 13 17 19 14 13 23 10 16 22 8 
2 3 4 6 15 5 14 24 8 17 25 1 1 0 0 0 0 0 0 0 0 0 1 0 1 0 0 0 0 0 0 0 0 1 0 0 0 0 0 0 0 0 0 0 0 0 0 0 0 1 0 0 0 0 0 0 0 0 1 0 0 0 0 0 0 0 0 0 1 0 0 0 0 0 0 0 1 0 0 0 0 0 0 0 0 1 0 0 0 0 0 0 0 1 0 0 0 24 9 19 2 17 4 20 14 22 26 4 21 3 12 6 22 15 23 27 6 16 5 14 7 23 17 25 4 28 7 26 13 8 24 10 18 6 24 9 27 8 10 26 11 19 15 18 12 21 2 19 7 5 13 5 3 2 28 7 18 25 12 20 14 16 17 10 20 5 6 3 11 24 9 27 20 13 15 16 18 26 8 25 11 4 28 27 22 9 12 17 19 14 13 23 2 16 3 21 25 11 22 21 15 10 8 23 28 
2 3 4 6 15 5 17 24 8 14 22 1 1 0 0 0 0 0 0 0 0 0 1 0 1 0 0 0 0 0 0 0 0 1 0 0 0 0 0 0 0 0 0 0 0 0 0 0 0 1 0 0 0 0 0 0 0 0 0 0 0 1 0 0 0 0 0 0 1 0 0 0 0 0 0 0 1 0 0 0 0 0 1 0 0 0 0 0 0 0 1 0 0 0 0 0 0 24 9 19 2 14 4 20 17 25 26 4 21 3 15 6 22 12 20 27 6 16 5 17 7 23 14 22 4 28 7 26 10 8 24 13 21 6 24 9 27 11 10 26 8 16 15 18 12 21 5 19 7 2 10 5 3 2 28 7 18 25 15 23 17 19 14 13 23 2 9 3 11 24 9 27 20 13 15 16 21 28 8 25 11 4 28 27 22 6 12 14 16 17 10 20 5 19 3 18 22 8 25 18 12 13 11 23 26 
2 3 4 6 15 5 17 27 11 14 25 1 1 0 0 0 0 0 0 0 0 0 1 0 1 0 0 0 0 0 0 0 0 1 0 0 0 0 0 0 0 0 0 0 0 0 0 0 0 1 0 0 0 0 0 0 0 0 0 0 0 1 0 0 0 0 0 0 0 0 0 1 0 0 0 0 0 0 0 1 0 0 1 0 0 0 0 0 0 0 0 0 0 1 0 0 0 24 9 19 2 14 7 23 17 22 26 4 21 3 15 9 25 12 23 27 6 16 5 17 4 20 14 25 4 28 7 26 10 11 27 13 18 6 24 9 27 11 13 28 8 19 15 18 12 21 5 16 4 2 13 5 3 2 28 7 18 22 15 20 17 19 14 13 23 2 6 3 8 27 6 24 23 10 12 16 18 28 11 22 8 7 26 24 25 9 12 14 16 17 10 20 5 19 3 21 25 11 22 21 15 10 8 20 26 
2 3 4 6 22 5 18 19 20 23 25 1 1 0 0 0 0 0 0 0 0 0 1 0 1 0 0 0 0 0 0 0 0 0 0 0 0 0 0 0 1 0 0 0 0 0 0 0 0 1 0 0 0 0 0 0 0 0 0 0 0 0 1 1 0 0 0 0 0 0 0 0 0 0 0 0 0 0 0 0 0 0 0 0 0 0 0 0 1 0 0 1 0 1 0 0 0 24 9 25 2 21 15 8 11 22 26 4 20 3 16 17 10 13 23 27 6 22 5 18 12 11 8 25 4 28 7 26 17 19 12 15 18 6 24 9 27 12 21 14 17 19 22 8 25 11 24 9 2 5 3 5 3 2 28 7 23 13 10 20 18 12 21 14 16 4 26 28 7 19 14 16 15 18 6 27 24 9 20 13 23 16 17 5 10 28 7 23 10 20 19 14 2 13 26 4 25 11 22 21 15 3 8 27 6 
2 3 4 6 25 5 16 21 20 22 23 1 1 0 0 0 0 0 0 0 0 0 1 0 1 0 0 0 0 0 0 0 0 0 0 0 0 0 0 0 0 0 0 1 0 0 0 0 0 1 0 0 0 0 0 0 0 0 0 0 1 0 0 0 0 1 0 0 0 0 0 0 0 0 0 0 0 0 0 0 0 0 0 0 0 0 0 0 1 0 1 1 0 0 0 0 0 24 9 22 2 12 18 8 25 11 26 4 23 3 14 19 10 20 13 27 6 25 5 15 21 11 22 8 4 28 7 26 16 14 12 21 15 6 24 9 27 18 15 14 16 17 25 11 22 8 9 24 5 3 2 5 3 2 28 7 20 13 23 10 16 17 19 12 21 6 24 9 27 21 15 18 17 19 4 28 7 26 20 13 23 16 17 2 10 4 26 22 8 25 18 12 3 11 6 27 23 10 20 19 14 5 13 7 28 
2 3 4 7 9 5 20 22 6 14 15 1 1 0 0 0 0 0 0 0 0 0 1 0 0 1 0 1 0 0 0 0 0 0 0 0 0 0 0 0 0 0 0 0 0 0 0 0 0 1 0 0 0 0 0 0 0 0 0 0 0 0 0 0 1 0 1 0 0 0 0 0 0 0 1 0 0 0 0 0 0 0 1 1 0 0 0 0 0 0 0 0 0 0 0 0 0 24 27 6 2 8 25 9 17 19 26 28 7 3 10 20 4 12 21 27 24 9 5 11 22 6 14 16 4 28 7 26 12 21 5 13 23 7 26 4 28 15 18 2 10 20 9 27 6 24 17 19 3 11 22 5 3 2 28 26 4 7 15 18 20 13 23 16 19 14 17 25 11 22 8 25 18 21 15 12 20 13 6 24 9 2 5 3 27 14 16 14 16 17 10 13 23 19 22 8 15 18 12 11 8 25 21 23 10 
2 3 4 7 9 5 20 22 6 15 17 1 1 0 0 0 0 0 0 0 0 0 1 0 0 1 0 1 0 0 0 0 0 0 0 0 0 0 0 0 0 0 0 0 0 0 0 0 0 1 0 0 0 0 0 0 0 0 0 0 0 0 0 0 1 0 1 0 0 0 0 0 0 0 1 0 0 0 0 0 0 0 0 1 0 1 0 0 0 0 0 0 0 0 0 0 0 24 27 6 2 8 25 9 19 14 26 28 7 3 10 20 4 21 15 27 24 9 5 11 22 6 16 17 4 28 7 26 12 21 5 23 10 7 26 4 28 15 18 2 20 13 9 27 6 24 17 19 3 22 8 5 3 2 28 26 4 7 18 12 20 13 23 16 19 14 17 11 22 22 8 25 18 21 15 12 13 23 6 24 9 2 5 3 27 14 16 15 18 12 11 8 25 21 23 10 17 19 14 13 10 20 16 25 11 
2 3 4 7 9 5 20 25 6 15 17 1 1 0 0 0 0 0 0 0 0 0 1 0 0 1 0 1 0 0 0 0 0 0 0 0 0 0 0 0 0 0 0 0 0 0 0 0 0 1 0 0 0 0 0 0 0 0 0 0 0 0 0 0 1 0 0 0 0 1 0 0 0 0 1 0 0 0 0 0 0 0 0 1 0 1 0 0 0 0 0 0 0 0 0 0 0 24 27 6 2 8 22 9 19 14 26 28 7 3 10 23 4 21 15 27 24 9 5 11 25 6 16 17 4 28 7 26 12 18 5 23 10 7 26 4 28 15 21 2 20 13 9 27 6 24 17 16 3 22 8 5 3 2 28 26 4 7 18 12 20 13 23 16 19 14 17 11 22 25 11 22 21 18 12 15 10 20 6 24 9 2 5 3 27 14 19 15 18 12 11 8 25 21 23 13 17 19 14 13 10 20 16 25 8 
2 3 4 7 9 5 22 23 6 12 14 1 1 0 0 0 0 0 0 0 0 0 1 0 0 1 0 1 0 0 0 0 0 0 0 0 0 0 0 0 0 0 0 0 0 0 0 0 0 1 0 0 0 0 0 0 0 0 0 0 0 0 0 0 0 0 1 1 0 0 0 0 0 0 1 0 0 0 0 0 1 0 1 0 0 0 0 0 0 0 0 0 0 0 0 0 0 24 27 6 2 25 11 9 16 17 26 28 7 3 20 13 4 18 12 27 24 9 5 22 8 6 19 14 4 28 7 26 21 15 5 20 13 7 26 4 28 18 12 2 23 10 9 27 6 24 19 14 3 25 11 5 3 2 28 26 4 7 21 15 22 8 25 18 21 15 12 10 20 23 10 20 19 16 17 14 11 22 6 24 9 2 5 3 27 16 17 12 21 15 8 11 22 18 13 23 14 16 17 10 13 23 19 8 25 
2 3 4 7 9 5 22 23 6 12 17 1 1 0 0 0 0 0 0 0 0 0 1 0 0 1 0 1 0 0 0 0 0 0 0 0 0 0 0 0 0 0 0 0 0 0 0 0 0 1 0 0 0 0 0 0 0 0 0 0 0 0 0 0 0 0 1 1 0 0 0 0 0 0 1 0 0 0 0 0 1 0 0 0 0 1 0 0 0 0 0 0 0 0 0 0 0 24 27 6 2 25 11 9 16 14 26 28 7 3 20 13 4 18 15 27 24 9 5 22 8 6 19 17 4 28 7 26 21 15 5 20 10 7 26 4 28 18 12 2 23 13 9 27 6 24 19 14 3 25 8 5 3 2 28 26 4 7 21 12 22 8 25 18 21 15 12 10 23 23 10 20 19 16 17 14 11 25 6 24 9 2 5 3 27 16 17 12 21 15 8 11 22 18 13 23 17 19 14 13 10 20 16 11 22 
2 3 4 7 9 5 22 25 6 14 17 1 1 0 0 0 0 0 0 0 0 0 1 0 0 1 0 1 0 0 0 0 0 0 0 0 0 0 0 0 0 0 0 0 0 0 0 0 0 1 0 0 0 0 0 0 0 0 0 0 0 0 0 0 0 0 1 0 0 1 0 0 0 0 1 0 0 0 0 0 0 0 1 0 0 1 0 0 0 0 0 0 0 0 0 0 0 24 27 6 2 25 22 9 17 14 26 28 7 3 20 23 4 12 15 27 24 9 5 22 25 6 14 17 4 28 7 26 21 18 5 13 10 7 26 4 28 18 21 2 10 13 9 27 6 24 19 16 3 11 8 5 3 2 28 26 4 7 15 12 22 8 25 18 21 15 12 20 23 25 11 22 21 18 12 15 23 20 6 24 9 2 5 3 27 16 19 14 16 17 10 13 23 19 8 11 17 19 14 13 10 20 16 11 8 
2 3 4 7 9 5 23 25 6 12 17 1 1 0 0 0 0 0 0 0 0 0 1 0 0 1 0 1 0 0 0 0 0 0 0 0 0 0 0 0 0 0 0 0 0 0 0 0 0 1 0 0 0 0 0 0 0 0 0 0 0 0 0 0 0 0 0 1 0 1 0 0 0 0 1 0 0 0 0 0 1 0 0 0 0 1 0 0 0 0 0 0 0 0 0 0 0 24 27 6 2 11 22 9 16 14 26 28 7 3 13 23 4 18 15 27 24 9 5 8 25 6 19 17 4 28 7 26 15 18 5 20 10 7 26 4 28 12 21 2 23 13 9 27 6 24 14 16 3 25 8 5 3 2 28 26 4 7 21 12 23 10 20 19 16 17 14 11 25 25 11 22 21 18 12 15 13 20 6 24 9 2 5 3 27 17 19 12 21 15 8 11 22 18 23 10 17 19 14 13 10 20 16 22 8 
2 3 4 7 22 5 6 25 13 14 21 1 1 0 0 0 0 0 0 0 0 0 1 0 0 1 0 0 0 0 0 0 0 0 0 0 0 0 0 0 1 0 0 0 0 0 0 0 0 1 1 0 0 0 0 0 0 0 0 0 0 0 0 0 0 0 0 0 0 1 0 0 0 0 0 0 0 0 0 0 0 1 1 0 0 0 0 0 0 1 0 0 0 0 0 0 0 24 27 25 2 9 22 10 17 18 26 28 20 3 4 23 11 12 19 27 24 22 5 6 25 13 14 21 4 28 7 26 5 18 6 13 14 7 26 4 28 2 21 9 10 17 22 8 25 11 12 3 19 20 27 5 3 2 28 26 23 8 15 16 6 24 9 2 5 16 7 8 15 25 11 22 21 18 3 16 23 24 13 23 10 9 6 15 20 27 12 14 16 17 10 13 8 19 20 11 21 15 18 17 14 7 12 19 4 
2 3 4 7 22 5 9 25 13 17 21 1 1 0 0 0 0 0 0 0 0 0 1 0 0 1 0 0 0 0 0 0 0 0 0 0 0 0 0 0 1 0 0 0 0 0 0 0 0 1 0 0 0 1 0 0 0 0 0 0 0 0 0 0 0 0 0 0 0 1 0 0 0 0 0 0 0 0 0 0 0 1 0 0 0 1 0 0 0 1 0 0 0 0 0 0 0 24 27 25 2 6 22 10 14 18 26 28 20 3 7 23 11 15 19 27 24 22 5 9 25 13 17 21 4 28 7 26 2 18 6 10 14 7 26 4 28 5 21 9 13 17 22 8 25 11 15 3 19 23 27 5 3 2 28 26 23 8 12 16 9 27 6 5 2 19 4 8 12 25 11 22 21 18 3 16 20 24 13 23 10 9 6 15 20 24 12 17 19 14 13 10 11 16 20 8 21 15 18 17 14 7 12 16 4 
2 3 4 7 22 5 18 25 9 10 17 1 1 0 0 0 0 0 0 0 0 0 1 0 0 1 0 0 0 0 0 0 0 0 0 0 0 0 0 0 1 0 0 0 0 0 0 0 0 1 0 0 0 0 0 0 0 0 0 0 0 0 1 0 0 0 0 0 0 1 0 0 0 0 0 0 0 1 1 0 0 0 0 0 0 1 0 0 0 0 0 0 0 0 0 0 0 24 27 25 2 21 22 6 13 14 26 28 20 3 16 23 7 8 15 27 24 22 5 18 25 9 10 17 4 28 7 26 17 18 2 9 10 7 26 4 28 14 21 5 6 13 22 8 25 11 24 3 15 16 23 5 3 2 28 26 23 4 11 12 18 12 21 14 17 4 19 20 27 25 11 22 21 18 3 12 19 20 9 27 6 5 2 19 24 15 16 10 20 13 6 9 12 23 8 15 17 19 14 13 10 11 16 7 8 
2 3 4 7 22 5 21 25 9 13 17 1 1 0 0 0 0 0 0 0 0 0 1 0 0 1 0 0 0 0 0 0 0 0 0 0 0 0 0 0 1 0 0 0 0 0 0 0 0 1 0 0 0 0 0 0 0 0 0 0 0 0 0 0 0 1 0 0 0 1 0 0 0 0 0 0 0 1 0 0 0 1 0 0 0 1 0 0 0 0 0 0 0 0 0 0 0 24 27 25 2 18 22 6 10 14 26 28 20 3 19 23 7 11 15 27 24 22 5 21 25 9 13 17 4 28 7 26 14 18 2 6 10 7 26 4 28 17 21 5 9 13 22 8 25 11 27 3 15 19 23 5 3 2 28 26 23 4 8 12 21 15 18 17 14 7 16 20 24 25 11 22 21 18 3 12 16 20 9 27 6 5 2 19 24 12 16 13 23 10 9 6 15 20 8 12 17 19 14 13 10 11 16 4 8 
2 3 4 7 25 5 6 22 13 17 18 1 1 0 0 0 0 0 0 0 0 0 1 0 0 1 0 0 0 0 0 0 0 0 0 0 0 0 0 0 0 0 0 1 0 0 0 0 0 1 1 0 0 0 0 0 0 0 0 0 0 0 0 0 0 0 1 0 0 0 0 0 0 0 0 0 0 0 0 0 0 1 0 0 0 1 1 0 0 0 0 0 0 0 0 0 0 24 27 22 2 9 25 10 14 21 26 28 23 3 4 20 11 15 16 27 24 25 5 6 22 13 17 18 4 28 7 26 5 21 6 10 17 7 26 4 28 2 18 9 13 14 25 11 22 8 15 3 16 20 27 5 3 2 28 26 20 8 12 19 6 24 9 2 5 19 7 11 12 22 8 25 18 21 3 19 23 24 13 23 10 9 6 12 20 27 15 17 19 14 13 10 8 16 23 11 18 12 21 14 17 7 15 16 4 
2 3 4 7 25 5 9 22 13 14 18 1 1 0 0 0 0 0 0 0 0 0 1 0 0 1 0 0 0 0 0 0 0 0 0 0 0 0 0 0 0 0 0 1 0 0 0 0 0 1 0 0 0 1 0 0 0 0 0 0 0 0 0 0 0 0 1 0 0 0 0 0 0 0 0 0 0 0 0 0 0 1 1 0 0 0 1 0 0 0 0 0 0 0 0 0 0 24 27 22 2 6 25 10 17 21 26 28 23 3 7 20 11 12 16 27 24 25 5 9 22 13 14 18 4 28 7 26 2 21 6 13 17 7 26 4 28 5 18 9 10 14 25 11 22 8 12 3 16 23 27 5 3 2 28 26 20 8 15 19 9 27 6 5 2 16 4 11 15 22 8 25 18 21 3 19 20 24 13 23 10 9 6 12 20 24 15 14 16 17 10 13 11 19 23 8 18 12 21 14 17 7 15 19 4 
2 3 4 7 25 5 18 22 9 13 14 1 1 0 0 0 0 0 0 0 0 0 1 0 0 1 0 0 0 0 0 0 0 0 0 0 0 0 0 0 0 0 0 1 0 0 0 0 0 1 0 0 0 0 0 0 0 0 0 0 0 0 1 0 0 0 1 0 0 0 0 0 0 0 0 0 0 1 0 0 0 1 1 0 0 0 0 0 0 0 0 0 0 0 0 0 0 24 27 22 2 21 25 6 10 17 26 28 23 3 16 20 7 11 12 27 24 25 5 18 22 9 13 14 4 28 7 26 17 21 2 6 13 7 26 4 28 14 18 5 9 10 25 11 22 8 27 3 12 16 23 5 3 2 28 26 20 4 8 15 18 12 21 14 17 7 19 23 24 22 8 25 18 21 3 15 19 20 9 27 6 5 2 16 24 15 19 13 23 10 9 6 12 20 11 15 14 16 17 10 13 11 19 4 8 
2 3 4 7 25 5 21 22 9 10 14 1 1 0 0 0 0 0 0 0 0 0 1 0 0 1 0 0 0 0 0 0 0 0 0 0 0 0 0 0 0 0 0 1 0 0 0 0 0 1 0 0 0 0 0 0 0 0 0 0 0 0 0 0 0 1 1 0 0 0 0 0 0 0 0 0 0 1 1 0 0 0 1 0 0 0 0 0 0 0 0 0 0 0 0 0 0 24 27 22 2 18 25 6 13 17 26 28 23 3 19 20 7 8 12 27 24 25 5 21 22 9 10 14 4 28 7 26 14 21 2 9 13 7 26 4 28 17 18 5 6 10 25 11 22 8 24 3 12 19 23 5 3 2 28 26 20 4 11 15 21 15 18 17 14 4 16 23 27 22 8 25 18 21 3 15 16 20 9 27 6 5 2 16 24 12 19 10 20 13 6 9 15 23 11 12 14 16 17 10 13 11 19 7 8 
2 3 4 9 15 5 14 24 11 17 25 1 1 0 0 0 0 0 0 0 0 0 1 0 0 0 0 1 0 0 0 0 0 1 0 0 0 0 0 0 0 0 0 0 0 0 0 0 0 1 0 0 0 0 0 0 0 0 1 0 0 0 0 0 0 0 0 0 1 0 0 0 0 0 0 0 0 0 0 1 0 0 0 0 0 1 0 0 0 0 0 0 0 1 0 0 0 24 6 19 2 17 4 23 14 22 26 7 21 3 12 6 25 15 23 27 9 16 5 14 7 20 17 25 4 28 7 26 13 8 27 10 18 9 27 6 24 11 13 26 8 16 15 18 12 21 2 19 4 5 13 5 3 2 28 4 18 22 12 20 14 16 17 10 23 5 9 3 11 24 9 27 20 10 15 19 18 26 11 22 8 7 28 24 25 6 15 17 19 14 13 20 2 16 3 21 25 11 22 21 12 10 8 23 28 
2 3 4 9 15 5 14 27 8 17 22 1 1 0 0 0 0 0 0 0 0 0 1 0 0 0 0 1 0 0 0 0 0 1 0 0 0 0 0 0 0 0 0 0 0 0 0 0 0 1 0 0 0 0 0 0 0 0 1 0 0 0 0 0 0 0 0 0 0 0 0 1 0 0 0 0 1 0 0 0 0 0 0 0 0 1 0 0 0 0 1 0 0 0 0 0 0 24 6 19 2 17 7 20 14 25 26 7 21 3 12 9 22 15 20 27 9 16 5 14 4 23 17 22 4 28 7 26 13 11 24 10 21 9 27 6 24 11 10 28 8 19 15 18 12 21 2 16 7 5 10 5 3 2 28 4 18 25 12 23 14 16 17 10 23 5 6 3 8 27 6 24 23 13 12 19 21 26 8 25 11 4 26 27 22 9 15 17 19 14 13 20 2 16 3 18 22 8 25 18 15 13 11 20 28 
2 3 4 9 15 5 17 27 8 14 25 1 1 0 0 0 0 0 0 0 0 0 1 0 0 0 0 1 0 0 0 0 0 1 0 0 0 0 0 0 0 0 0 0 0 0 0 0 0 1 0 0 0 0 0 0 0 0 0 0 0 1 0 0 0 0 0 0 0 0 0 1 0 0 0 0 1 0 0 0 0 0 1 0 0 0 0 0 0 0 0 0 0 1 0 0 0 24 6 19 2 14 7 20 17 22 26 7 21 3 15 9 22 12 23 27 9 16 5 17 4 23 14 25 4 28 7 26 10 11 24 13 18 9 27 6 24 8 10 28 11 16 15 18 12 21 5 16 7 2 13 5 3 2 28 4 18 25 15 20 17 19 14 13 20 2 9 3 8 27 6 24 23 13 12 19 18 28 8 25 11 4 26 27 22 6 15 14 16 17 10 23 5 19 3 21 25 11 22 21 12 10 8 20 26 
2 3 4 9 22 5 18 19 20 23 25 1 1 0 0 0 0 0 0 0 0 0 1 0 0 0 0 1 0 0 0 0 0 0 0 0 0 0 0 0 1 0 0 0 0 0 0 0 0 1 0 0 0 0 0 0 0 0 0 0 0 0 1 1 0 0 0 0 0 0 0 0 0 0 0 0 0 0 0 0 0 0 0 0 0 0 0 0 1 0 0 1 0 1 0 0 0 24 6 25 2 21 15 8 11 22 26 7 20 3 16 17 10 13 23 27 9 22 5 18 12 11 8 25 4 28 7 26 17 19 12 15 18 9 27 6 24 15 18 17 14 16 22 8 25 11 24 9 2 5 3 5 3 2 28 4 23 13 10 20 18 12 21 14 19 4 26 28 7 19 14 16 15 21 6 27 24 9 20 13 23 16 14 5 10 28 7 23 10 20 19 17 2 13 26 4 25 11 22 21 12 3 8 27 6 
2 3 4 9 22 5 19 21 20 23 25 1 1 0 0 0 0 0 0 0 0 0 1 0 0 0 0 1 0 0 0 0 0 0 0 0 0 0 0 0 1 0 0 0 0 0 0 0 0 1 0 0 0 0 0 0 0 0 0 0 0 0 0 1 0 1 0 0 0 0 0 0 0 0 0 0 0 0 0 0 0 0 0 0 0 0 0 0 1 0 0 1 0 1 0 0 0 24 6 25 2 15 18 8 11 22 26 7 20 3 17 19 10 13 23 27 9 22 5 12 21 11 8 25 4 28 7 26 19 14 12 15 18 9 27 6 24 18 12 17 14 16 22 8 25 11 9 27 2 5 3 5 3 2 28 4 23 13 10 20 19 14 16 15 21 6 27 24 9 21 15 18 17 16 7 28 26 4 20 13 23 16 14 5 10 7 26 23 10 20 19 17 2 13 4 28 25 11 22 21 12 3 8 6 24 
2 3 4 9 25 5 16 18 20 22 23 1 1 0 0 0 0 0 0 0 0 0 1 0 0 0 0 1 0 0 0 0 0 0 0 0 0 0 0 0 0 0 0 1 0 0 0 0 0 1 0 0 0 0 0 0 0 0 0 0 1 0 1 0 0 0 0 0 0 0 0 0 0 0 0 0 0 0 0 0 0 0 0 0 0 0 0 0 1 0 1 1 0 0 0 0 0 24 6 22 2 12 21 8 25 11 26 7 23 3 14 16 10 20 13 27 9 25 5 15 18 11 22 8 4 28 7 26 16 17 12 21 15 9 27 6 24 21 15 17 19 14 25 11 22 8 9 27 5 3 2 5 3 2 28 4 20 13 23 10 16 17 19 12 18 6 24 9 27 18 12 21 14 19 7 26 4 28 20 13 23 16 14 2 10 4 28 22 8 25 18 15 3 11 6 24 23 10 20 19 17 5 13 7 26 
2 3 4 9 25 5 16 21 20 22 23 1 1 0 0 0 0 0 0 0 0 0 1 0 0 0 0 1 0 0 0 0 0 0 0 0 0 0 0 0 0 0 0 1 0 0 0 0 0 1 0 0 0 0 0 0 0 0 0 0 1 0 0 0 0 1 0 0 0 0 0 0 0 0 0 0 0 0 0 0 0 0 0 0 0 0 0 0 1 0 1 1 0 0 0 0 0 24 6 22 2 12 18 8 25 11 26 7 23 3 14 19 10 20 13 27 9 25 5 15 21 11 22 8 4 28 7 26 16 14 12 21 15 9 27 6 24 21 12 17 19 14 25 11 22 8 9 24 5 3 2 5 3 2 28 4 20 13 23 10 16 17 19 12 18 6 24 9 27 21 15 18 17 16 4 28 7 26 20 13 23 16 14 2 10 4 26 22 8 25 18 15 3 11 6 27 23 10 20 19 17 5 13 7 28 
2 3 4 22 23 5 6 11 9 15 21 1 1 0 0 0 0 0 0 0 0 0 1 0 0 0 0 0 0 0 0 0 0 0 0 0 0 0 0 0 1 1 0 0 0 0 0 0 0 1 1 0 0 0 0 1 0 0 0 0 0 0 0 0 0 0 0 0 0 0 0 0 0 0 0 0 0 1 0 0 0 0 0 1 0 0 0 0 0 1 0 0 0 0 0 0 0 24 25 11 2 9 23 6 19 18 26 20 13 3 4 25 7 21 19 27 22 8 5 6 20 9 16 21 4 28 7 26 5 27 2 23 14 22 8 25 11 12 17 15 13 27 23 10 20 13 14 12 17 8 28 5 3 2 28 23 10 4 18 16 6 24 9 2 16 17 3 25 15 11 22 8 7 14 16 28 24 13 9 27 6 5 19 14 24 3 26 15 18 12 11 10 20 21 22 4 21 15 18 17 7 26 12 19 10 
2 3 4 22 23 5 8 9 6 12 21 1 1 0 0 0 0 0 0 0 0 0 1 0 0 0 0 0 0 0 0 0 0 0 0 0 0 0 0 0 1 1 0 0 0 0 0 0 0 1 0 0 1 1 0 0 0 0 0 0 0 0 0 0 0 0 0 0 0 0 0 0 0 0 1 0 0 0 0 0 1 0 0 0 0 0 0 0 0 1 0 0 0 0 0 0 0 24 25 11 2 20 6 9 16 18 26 20 13 3 22 7 4 18 19 27 22 8 5 23 9 6 19 21 4 28 7 26 24 2 5 20 14 22 8 25 11 14 15 12 10 27 23 10 20 13 15 17 14 11 28 5 3 2 28 23 10 7 21 16 8 25 11 4 17 19 28 24 10 9 27 6 5 19 14 3 25 12 6 24 9 2 16 17 27 26 3 12 21 15 8 13 23 18 4 22 21 15 18 17 7 26 12 13 16 
2 3 4 22 23 5 9 11 6 15 18 1 1 0 0 0 0 0 0 0 0 0 1 0 0 0 0 0 0 0 0 0 0 0 0 0 0 0 0 0 1 1 0 0 0 0 0 0 0 1 0 0 0 1 0 1 0 0 0 0 0 0 0 0 0 0 0 0 0 0 0 0 0 0 1 0 0 0 0 0 0 0 0 1 0 0 1 0 0 0 0 0 0 0 0 0 0 24 25 11 2 6 23 9 19 21 26 20 13 3 7 25 4 21 16 27 22 8 5 9 20 6 16 18 4 28 7 26 2 27 5 23 17 22 8 25 11 15 17 12 13 24 23 10 20 13 17 12 14 8 26 5 3 2 28 23 10 7 18 19 9 27 6 5 19 14 3 22 15 11 22 8 7 14 16 26 24 10 6 24 9 2 16 17 27 3 28 15 18 12 11 10 20 21 25 4 18 12 21 14 4 28 15 19 13 
2 3 4 22 26 5 12 25 16 18 23 1 1 0 0 0 0 0 0 0 0 0 1 0 0 0 0 0 0 0 0 0 0 0 0 0 0 0 0 0 1 0 0 0 1 0 0 0 0 1 0 0 0 0 0 0 1 0 0 0 0 0 0 0 0 0 0 0 0 1 0 0 0 0 0 0 0 0 0 0 0 0 0 0 1 0 1 0 0 0 0 1 0 0 0 0 0 24 25 28 2 16 22 12 21 11 26 20 24 3 18 23 14 16 13 27 22 26 5 19 25 15 18 8 4 28 7 26 20 18 16 17 15 22 8 25 11 10 3 6 24 5 26 4 28 7 14 27 10 20 9 5 3 2 28 23 27 17 19 10 12 21 15 8 13 17 24 9 23 25 11 22 21 3 7 9 27 2 16 17 19 12 9 13 14 4 6 18 12 21 14 4 8 15 6 7 23 10 20 19 2 6 13 11 5 
2 3 4 22 28 5 12 25 18 19 20 1 1 0 0 0 0 0 0 0 0 0 1 0 0 0 0 0 0 0 0 0 0 0 0 0 0 0 0 0 1 0 0 0 0 0 1 0 0 1 0 0 0 0 0 0 1 0 0 0 0 0 0 0 0 0 0 0 0 1 0 0 0 0 0 0 0 0 0 0 0 0 0 0 0 0 1 1 1 0 0 0 0 0 0 0 0 24 25 26 2 16 22 21 15 8 26 20 27 3 18 23 16 17 10 27 22 28 5 19 25 18 12 11 4 28 7 26 20 18 17 19 12 22 8 25 11 10 3 24 9 2 28 7 26 4 17 24 23 10 9 5 3 2 28 23 24 19 14 13 12 21 15 8 13 14 9 27 20 25 11 22 21 3 4 27 6 5 18 12 21 14 4 11 15 6 7 19 14 16 15 6 13 17 7 9 20 13 23 16 5 6 10 8 2 
2 3 4 22 28 5 15 25 16 21 23 1 1 0 0 0 0 0 0 0 0 0 1 0 0 0 0 0 0 0 0 0 0 0 0 0 0 0 0 0 1 0 0 0 0 0 1 0 0 1 0 0 0 0 0 0 0 0 0 1 0 0 0 0 0 0 0 0 0 1 0 0 0 0 0 0 0 0 0 0 0 0 0 0 1 0 0 0 0 1 0 1 0 0 0 0 0 24 25 26 2 19 22 12 18 11 26 20 27 3 21 23 14 19 13 27 22 28 5 16 25 15 21 8 4 28 7 26 23 18 16 14 15 22 8 25 11 13 3 6 27 5 28 7 26 4 14 24 13 20 6 5 3 2 28 23 24 17 16 10 15 18 12 11 10 17 27 9 20 25 11 22 21 3 4 9 24 2 16 17 19 12 9 10 14 7 6 21 15 18 17 7 8 12 6 4 23 10 20 19 2 9 13 8 5 
2 3 4 23 25 5 6 8 9 15 18 1 1 0 0 0 0 0 0 0 0 0 1 0 0 0 0 0 0 0 0 0 0 0 0 0 0 0 0 0 0 1 0 1 0 0 0 0 0 1 1 0 1 0 0 0 0 0 0 0 0 0 0 0 0 0 0 0 0 0 0 0 0 0 0 0 0 1 0 0 0 0 0 1 0 0 1 0 0 0 0 0 0 0 0 0 0 24 11 22 2 9 20 6 19 21 26 13 23 3 4 22 7 21 16 27 8 25 5 6 23 9 16 18 4 28 7 26 5 24 2 23 17 23 10 20 13 14 15 17 8 26 25 11 22 8 15 17 12 10 27 5 3 2 28 10 20 4 18 19 6 24 9 2 17 19 3 25 12 8 25 11 4 19 14 26 27 13 9 27 6 5 14 16 24 3 28 15 18 12 11 20 13 21 22 7 18 12 21 14 28 7 15 16 10 
2 3 4 23 25 5 6 11 9 12 21 1 1 0 0 0 0 0 0 0 0 0 1 0 0 0 0 0 0 0 0 0 0 0 0 0 0 0 0 0 0 1 0 1 0 0 0 0 0 1 1 0 0 0 0 1 0 0 0 0 0 0 0 0 0 0 0 0 0 0 0 0 0 0 0 0 0 1 0 0 1 0 0 0 0 0 0 0 0 1 0 0 0 0 0 0 0 24 11 22 2 9 23 6 16 18 26 13 23 3 4 25 7 18 19 27 8 25 5 6 20 9 19 21 4 28 7 26 5 27 2 20 14 23 10 20 13 14 12 17 11 28 25 11 22 8 15 14 12 13 24 5 3 2 28 10 20 4 21 16 6 24 9 2 17 19 3 22 15 11 22 8 7 16 17 28 27 13 9 27 6 5 14 16 24 3 26 12 21 15 8 23 10 18 25 7 21 15 18 17 26 4 12 19 10 
2 3 4 23 25 5 8 9 6 15 21 1 1 0 0 0 0 0 0 0 0 0 1 0 0 0 0 0 0 0 0 0 0 0 0 0 0 0 0 0 0 1 0 1 0 0 0 0 0 1 0 0 1 1 0 0 0 0 0 0 0 0 0 0 0 0 0 0 0 0 0 0 0 0 1 0 0 0 0 0 0 0 0 1 0 0 0 0 0 1 0 0 0 0 0 0 0 24 11 22 2 20 6 9 19 18 26 13 23 3 22 7 4 21 19 27 8 25 5 23 9 6 16 21 4 28 7 26 24 2 5 23 14 23 10 20 13 15 17 14 8 28 25 11 22 8 17 12 15 10 24 5 3 2 28 10 20 7 18 16 8 25 11 4 19 14 28 27 10 9 27 6 5 14 16 3 22 12 6 24 9 2 17 19 27 26 3 15 18 12 11 20 13 21 7 25 21 15 18 17 26 4 12 13 16 
2 3 4 25 26 5 15 22 16 21 23 1 1 0 0 0 0 0 0 0 0 0 1 0 0 0 0 0 0 0 0 0 0 0 0 0 0 0 0 0 0 0 0 1 1 0 0 0 0 1 0 0 0 0 0 0 0 0 0 1 0 0 0 0 0 0 1 0 0 0 0 0 0 0 0 0 0 0 0 0 0 0 0 0 1 0 0 0 0 1 0 1 0 0 0 0 0 24 22 28 2 19 25 12 18 11 26 23 24 3 21 20 14 19 13 27 25 26 5 16 22 15 21 8 4 28 7 26 23 21 16 14 15 25 11 22 8 10 3 9 24 2 26 4 28 7 17 24 10 23 9 5 3 2 28 20 27 17 16 10 15 18 12 11 13 14 27 9 20 22 8 25 18 3 4 6 27 5 16 17 19 12 6 13 14 7 9 21 15 18 17 4 11 12 6 7 23 10 20 19 5 6 13 8 2 
2 3 4 25 28 5 12 22 16 18 23 1 1 0 0 0 0 0 0 0 0 0 1 0 0 0 0 0 0 0 0 0 0 0 0 0 0 0 0 0 0 0 0 1 0 0 1 0 0 1 0 0 0 0 0 0 1 0 0 0 0 0 0 0 0 0 1 0 0 0 0 0 0 0 0 0 0 0 0 0 0 0 0 0 1 0 1 0 0 0 0 1 0 0 0 0 0 24 22 26 2 16 25 12 21 11 26 23 27 3 18 20 14 16 13 27 25 28 5 19 22 15 18 8 4 28 7 26 20 21 16 17 15 25 11 22 8 13 3 9 27 2 28 7 26 4 17 27 13 23 6 5 3 2 28 20 24 17 19 10 12 21 15 8 10 14 24 9 23 22 8 25 18 3 7 6 24 5 16 17 19 12 6 10 14 4 9 18 12 21 14 7 11 15 6 4 23 10 20 19 5 9 13 11 2 
2 3 4 25 28 5 15 22 19 20 21 1 1 0 0 0 0 0 0 0 0 0 1 0 0 0 0 0 0 0 0 0 0 0 0 0 0 0 0 0 0 0 0 1 0 0 1 0 0 1 0 0 0 0 0 0 0 0 0 1 0 0 0 0 0 0 1 0 0 0 0 0 0 0 0 0 0 0 0 0 0 0 0 0 0 0 0 1 1 1 0 0 0 0 0 0 0 24 22 26 2 19 25 15 8 18 26 23 27 3 21 20 17 10 19 27 25 28 5 16 22 12 11 21 4 28 7 26 23 21 19 12 14 25 11 22 8 10 3 6 5 24 28 7 26 4 14 27 10 9 20 5 3 2 28 20 24 14 13 16 15 18 12 11 13 17 24 23 9 22 8 25 18 3 7 9 2 27 19 14 16 15 9 13 17 4 6 20 13 23 16 2 6 10 11 5 21 15 18 17 4 8 12 6 7 
2 3 5 6 7 8 10 14 12 15 17 1 1 0 0 0 0 0 0 0 0 0 0 1 1 1 0 0 0 0 0 0 0 0 0 0 0 0 0 0 0 0 0 0 0 0 0 0 0 0 0 0 1 0 1 0 0 0 1 0 0 0 0 0 0 0 0 0 0 0 0 0 0 0 0 0 0 0 0 0 1 0 0 1 0 1 0 0 0 0 0 0 0 0 0 0 0 2 9 27 20 13 17 16 19 14 3 4 28 22 8 12 18 21 15 5 6 24 23 10 14 19 16 17 5 3 2 25 11 15 21 18 12 6 24 9 26 4 8 22 25 11 7 26 4 27 6 10 23 20 13 8 25 11 22 28 7 24 27 6 10 20 13 23 24 9 26 28 7 14 16 17 19 20 13 2 5 3 12 21 15 18 25 11 4 28 5 15 18 12 21 22 8 7 26 2 17 19 14 16 23 10 9 27 3 
2 3 5 6 7 8 13 14 12 15 17 1 1 0 0 0 0 0 0 0 0 0 0 1 1 1 0 0 0 0 0 0 0 0 0 0 0 0 0 0 0 0 0 0 0 0 0 0 0 0 0 0 1 0 0 0 0 1 1 0 0 0 0 0 0 0 0 0 0 0 0 0 0 0 0 0 0 0 0 0 1 0 0 1 0 1 0 0 0 0 0 0 0 0 0 0 0 2 9 27 20 10 17 16 19 14 3 4 28 22 11 12 18 21 15 5 6 24 23 13 14 19 16 17 5 3 2 25 8 15 21 18 12 6 24 9 26 7 8 22 25 11 7 26 4 27 9 10 23 20 13 8 25 11 22 28 7 24 27 6 13 23 10 20 27 6 28 26 4 14 16 17 19 20 13 2 5 3 12 21 15 18 25 11 4 26 5 15 18 12 21 22 8 7 28 2 17 19 14 16 23 10 9 24 3 
2 3 5 6 7 11 13 17 12 14 15 1 1 0 0 0 0 0 0 0 0 0 0 1 1 1 0 0 0 0 0 0 0 0 0 0 0 0 0 0 0 0 0 0 0 0 0 0 0 0 0 0 0 0 0 1 0 1 0 0 0 1 0 0 0 0 0 0 0 0 0 0 0 0 0 0 0 0 0 0 1 0 1 1 0 0 0 0 0 0 0 0 0 0 0 0 0 2 9 27 23 10 14 16 17 19 3 4 28 25 11 15 18 12 21 5 6 24 20 13 17 19 14 16 5 3 2 22 8 12 21 15 18 6 24 9 28 7 11 22 8 25 7 26 4 24 9 13 23 10 20 11 22 8 25 26 4 27 6 24 13 23 10 20 27 6 28 7 26 17 19 14 16 23 10 5 3 2 12 21 15 18 25 11 7 26 2 14 16 17 19 20 13 9 27 3 15 18 12 21 22 8 4 28 5 
2 3 5 6 8 7 20 22 9 12 21 1 1 0 0 0 0 0 0 0 0 0 0 1 1 0 1 0 0 0 0 0 0 0 0 0 0 0 0 0 0 0 0 0 0 0 0 0 0 0 0 1 0 0 0 0 0 0 0 0 0 0 0 0 1 0 1 0 0 0 0 0 0 0 0 0 0 1 0 0 1 0 0 0 0 0 0 0 0 1 0 0 0 0 0 0 0 2 9 20 27 8 25 6 16 18 3 4 22 28 10 20 7 18 19 5 6 23 24 11 22 9 19 21 5 3 2 26 13 23 4 21 16 6 24 9 5 14 16 3 22 15 8 25 11 7 16 17 26 24 10 7 26 4 28 2 27 5 23 17 20 13 23 10 17 12 14 8 26 22 8 25 11 12 14 15 10 27 9 27 6 24 3 28 2 17 19 12 21 15 18 25 4 11 20 13 21 15 18 12 19 13 14 28 7 
2 3 5 6 8 7 20 25 9 15 21 1 1 0 0 0 0 0 0 0 0 0 0 1 1 0 1 0 0 0 0 0 0 0 0 0 0 0 0 0 0 0 0 0 0 0 0 0 0 0 0 1 0 0 0 0 0 0 0 0 0 0 0 0 1 0 0 0 0 1 0 0 0 0 0 0 0 1 0 0 0 0 0 1 0 0 0 0 0 1 0 0 0 0 0 0 0 2 9 20 27 8 22 6 19 18 3 4 22 28 10 23 7 21 19 5 6 23 24 11 25 9 16 21 5 3 2 26 13 20 4 18 16 6 24 9 5 14 19 3 25 15 8 25 11 7 16 14 26 27 10 7 26 4 28 2 27 5 20 17 20 13 23 10 17 12 14 11 26 25 11 22 8 15 17 12 10 24 9 27 6 24 3 28 2 17 16 15 18 12 21 22 7 8 23 13 21 15 18 12 19 13 14 28 4 
2 3 5 6 9 10 13 14 12 15 17 1 1 0 0 0 0 0 0 0 0 0 0 1 1 0 0 1 0 0 0 0 0 0 0 0 0 0 0 0 0 0 0 0 0 0 0 0 0 0 0 0 0 0 1 0 0 1 1 0 0 0 0 0 0 0 0 0 0 0 0 0 0 0 0 0 0 0 0 0 1 0 0 1 0 1 0 0 0 0 0 0 0 0 0 0 0 2 9 6 13 10 17 16 19 14 3 4 7 8 11 12 18 21 15 5 6 9 10 13 14 19 16 17 5 3 2 11 8 15 21 18 12 6 24 9 4 7 8 22 25 11 9 27 6 7 4 11 25 22 8 10 20 13 23 24 27 26 28 7 13 23 10 20 27 24 28 26 4 14 16 17 19 20 23 2 5 3 12 21 15 18 25 22 28 26 5 15 18 12 21 22 25 26 28 2 17 19 14 16 23 20 27 24 3 
2 3 5 6 9 10 13 17 12 14 15 1 1 0 0 0 0 0 0 0 0 0 0 1 1 0 0 1 0 0 0 0 0 0 0 0 0 0 0 0 0 0 0 0 0 0 0 0 0 0 0 0 0 0 1 0 0 1 0 0 0 1 0 0 0 0 0 0 0 0 0 0 0 0 0 0 0 0 0 0 1 0 1 1 0 0 0 0 0 0 0 0 0 0 0 0 0 2 9 6 13 10 14 16 17 19 3 4 7 8 11 15 18 12 21 5 6 9 10 13 17 19 14 16 5 3 2 11 8 12 21 15 18 6 24 9 4 7 11 22 8 25 9 27 6 7 4 8 25 11 22 10 20 13 23 24 27 26 4 28 13 23 10 20 27 24 28 7 26 17 19 14 16 23 20 5 3 2 12 21 15 18 25 22 28 26 2 14 16 17 19 20 23 24 27 3 15 18 12 21 22 25 26 28 5 
2 3 5 6 11 7 20 25 9 12 18 1 1 0 0 0 0 0 0 0 0 0 0 1 1 0 0 0 0 1 0 0 0 0 0 0 0 0 0 0 0 0 0 0 0 0 0 0 0 0 0 1 0 0 0 0 0 0 0 0 0 0 0 0 1 0 0 0 0 1 0 0 0 0 0 0 0 1 0 0 1 0 0 0 0 0 1 0 0 0 0 0 0 0 0 0 0 2 9 23 27 8 22 6 16 21 3 4 25 28 10 23 7 18 16 5 6 20 24 11 25 9 19 18 5 3 2 26 13 20 4 21 19 6 24 9 5 14 19 3 22 12 11 22 8 4 19 17 28 27 10 7 26 4 28 2 24 5 23 14 20 13 23 10 17 15 14 8 28 25 11 22 8 15 14 12 13 27 9 27 6 24 3 26 2 17 16 12 21 15 18 25 7 11 20 10 18 12 21 15 16 13 17 26 7 
2 3 5 6 14 8 11 17 13 21 26 1 1 0 0 0 0 0 0 0 0 0 0 1 1 0 0 0 0 0 0 0 1 0 0 0 0 0 0 0 0 0 0 0 0 0 0 0 0 0 0 0 1 0 0 1 0 0 0 0 0 1 0 0 0 0 0 0 0 0 0 0 0 0 0 0 0 0 0 0 0 1 0 0 0 0 0 0 0 1 0 0 0 0 1 0 0 2 9 17 20 23 14 10 18 28 3 4 12 22 25 15 11 19 24 5 6 14 23 20 17 13 21 26 5 3 2 25 22 12 8 16 27 6 24 9 26 28 11 7 15 20 14 16 17 6 9 3 27 7 12 8 25 11 22 28 9 2 10 21 11 22 8 25 26 6 5 13 18 17 19 14 16 23 3 24 4 15 13 23 10 20 27 7 5 2 4 21 15 18 12 19 27 13 10 24 26 4 28 7 8 16 18 21 19 
2 3 5 6 14 9 12 15 13 22 28 1 1 0 0 0 0 0 0 0 0 0 0 1 1 0 0 0 0 0 0 0 1 0 0 0 0 0 0 0 0 0 0 0 0 0 0 0 0 0 0 0 0 1 0 0 1 0 0 1 0 0 0 0 0 0 0 0 0 0 0 0 0 0 0 0 0 0 0 0 0 1 0 0 0 0 0 0 0 0 1 0 0 0 0 0 1 2 9 17 6 16 19 10 25 26 3 4 12 7 18 21 11 20 27 5 6 14 9 19 16 13 22 28 5 3 2 4 21 18 8 23 24 6 24 9 3 22 25 7 16 23 14 16 17 23 2 5 27 8 15 9 27 6 24 3 11 4 19 20 12 21 15 18 25 5 26 13 14 15 18 12 21 22 2 28 10 17 13 23 10 20 27 7 24 28 26 22 8 25 11 12 20 15 10 13 28 7 26 4 11 19 8 17 14 
2 3 5 6 17 8 11 14 13 18 28 1 1 0 0 0 0 0 0 0 0 0 0 1 1 0 0 0 0 0 0 0 0 0 0 1 0 0 0 0 0 0 0 0 0 0 0 0 0 0 0 0 1 0 0 1 0 0 1 0 0 0 0 0 0 0 0 0 0 0 0 0 0 0 0 0 0 0 0 0 0 1 0 0 0 0 1 0 0 0 0 0 0 0 0 0 1 2 9 14 20 23 17 10 21 26 3 4 15 22 25 12 11 16 27 5 6 17 23 20 14 13 18 28 5 3 2 25 22 15 8 19 24 6 24 9 26 28 8 7 12 23 17 19 14 9 6 3 24 7 12 8 25 11 22 28 6 2 13 18 11 22 8 25 26 9 5 10 21 14 16 17 19 20 3 27 4 15 13 23 10 20 27 4 5 2 7 18 12 21 15 16 27 10 13 24 28 7 26 4 11 16 21 18 19 
2 3 5 6 17 9 12 15 10 22 28 1 1 0 0 0 0 0 0 0 0 0 0 1 1 0 0 0 0 0 0 0 0 0 0 1 0 0 0 0 0 0 0 0 0 0 0 0 0 0 0 0 0 1 0 0 1 0 0 1 0 0 0 0 0 0 0 0 0 0 0 0 0 0 0 0 0 0 1 0 0 0 0 0 0 0 0 0 0 0 1 0 0 0 0 0 1 2 9 14 6 16 19 13 25 26 3 4 15 7 18 21 8 20 27 5 6 17 9 19 16 10 22 28 5 3 2 4 21 18 11 23 24 6 24 9 3 22 25 4 16 23 17 19 14 20 5 2 27 11 12 9 27 6 24 3 8 7 19 20 12 21 15 18 25 2 28 13 14 15 18 12 21 22 5 26 10 17 10 20 13 23 24 7 27 26 28 22 8 25 11 12 23 15 10 13 28 7 26 4 11 16 8 17 14 
2 3 5 6 22 9 12 15 10 17 28 1 1 0 0 0 0 0 0 0 0 0 0 1 1 0 0 0 0 0 0 0 0 0 0 0 0 0 0 0 1 0 0 0 0 0 0 0 0 0 0 0 0 1 0 0 1 0 0 1 0 0 0 0 0 0 0 0 0 0 0 0 0 0 0 0 0 0 1 0 0 0 0 0 0 1 0 0 0 0 0 0 0 0 0 0 1 2 9 25 6 16 19 13 14 26 3 4 20 7 18 21 8 15 27 5 6 22 9 19 16 10 17 28 5 3 2 4 21 18 11 12 24 6 24 9 3 22 25 4 11 23 22 8 25 15 10 13 16 23 7 9 27 6 24 3 19 7 8 20 12 21 15 18 25 13 28 2 14 15 18 12 21 22 10 26 5 17 10 20 13 23 24 12 27 26 28 17 19 14 16 23 11 20 5 2 28 7 26 4 11 27 8 17 14 
2 3 5 6 25 9 12 15 10 17 26 1 1 0 0 0 0 0 0 0 0 0 0 1 1 0 0 0 0 0 0 0 0 0 0 0 0 0 0 0 0 0 0 1 0 0 0 0 0 0 0 0 0 1 0 0 1 0 0 1 0 0 0 0 0 0 0 0 0 0 0 0 0 0 0 0 0 0 1 0 0 0 0 0 0 1 0 0 0 0 0 0 0 0 1 0 0 2 9 22 6 16 19 13 14 28 3 4 23 7 18 21 8 15 24 5 6 25 9 19 16 10 17 26 5 3 2 4 21 18 11 12 27 6 24 9 3 22 25 4 11 20 25 11 22 12 13 10 19 20 7 9 27 6 24 3 16 7 8 23 12 21 15 18 25 10 28 2 17 15 18 12 21 22 13 26 5 14 10 20 13 23 24 15 27 26 28 17 19 14 16 23 8 20 5 2 26 4 28 7 8 27 11 14 17 
2 3 5 7 9 8 13 14 12 15 17 1 1 0 0 0 0 0 0 0 0 0 0 1 0 1 0 1 0 0 0 0 0 0 0 0 0 0 0 0 0 0 0 0 0 0 0 0 0 0 0 0 1 0 0 0 0 1 1 0 0 0 0 0 0 0 0 0 0 0 0 0 0 0 0 0 0 0 0 0 1 0 0 1 0 1 0 0 0 0 0 0 0 0 0 0 0 2 27 6 20 10 17 16 19 14 3 28 7 22 11 12 18 21 15 5 24 9 23 13 14 19 16 17 5 3 2 25 8 15 21 18 12 7 26 4 27 9 10 23 20 13 9 27 6 28 4 11 25 22 8 8 25 11 22 7 26 24 27 6 13 23 10 20 6 24 28 26 4 14 16 17 19 13 23 2 5 3 12 21 15 18 11 22 4 26 5 15 18 12 21 8 25 7 28 2 17 19 14 16 10 20 9 24 3 
2 3 5 7 9 10 11 17 12 14 15 1 1 0 0 0 0 0 0 0 0 0 0 1 0 1 0 1 0 0 0 0 0 0 0 0 0 0 0 0 0 0 0 0 0 0 0 0 0 0 0 0 0 0 1 1 0 0 0 0 0 1 0 0 0 0 0 0 0 0 0 0 0 0 0 0 0 0 0 0 1 0 1 1 0 0 0 0 0 0 0 0 0 0 0 0 0 2 27 6 13 23 14 16 17 19 3 28 7 8 25 15 18 12 21 5 24 9 10 20 17 19 14 16 5 3 2 11 22 12 21 15 18 7 26 4 6 24 13 23 10 20 9 27 6 7 26 8 25 11 22 10 20 13 23 9 27 26 4 28 11 22 8 25 4 28 27 6 24 17 19 14 16 10 20 5 3 2 12 21 15 18 11 22 28 7 2 14 16 17 19 13 23 24 9 3 15 18 12 21 8 25 26 4 5 
2 3 5 7 9 11 13 17 12 14 15 1 1 0 0 0 0 0 0 0 0 0 0 1 0 1 0 1 0 0 0 0 0 0 0 0 0 0 0 0 0 0 0 0 0 0 0 0 0 0 0 0 0 0 0 1 0 1 0 0 0 1 0 0 0 0 0 0 0 0 0 0 0 0 0 0 0 0 0 0 1 0 1 1 0 0 0 0 0 0 0 0 0 0 0 0 0 2 27 6 23 10 14 16 17 19 3 28 7 25 11 15 18 12 21 5 24 9 20 13 17 19 14 16 5 3 2 22 8 12 21 15 18 7 26 4 24 9 13 23 10 20 9 27 6 26 4 8 25 11 22 11 22 8 25 4 28 27 6 24 13 23 10 20 6 24 28 7 26 17 19 14 16 10 20 5 3 2 12 21 15 18 11 22 7 26 2 14 16 17 19 13 23 9 27 3 15 18 12 21 8 25 4 28 5 
2 3 5 7 18 10 20 21 19 24 28 1 1 0 0 0 0 0 0 0 0 0 0 1 0 1 0 0 0 0 0 0 0 0 0 0 1 0 0 0 0 0 0 0 0 0 0 0 0 0 0 0 0 0 1 0 0 0 0 0 0 0 0 0 1 1 0 0 0 0 0 0 0 0 0 0 0 0 0 0 0 0 0 0 0 0 0 1 0 0 0 0 1 0 0 0 1 2 27 21 13 8 18 15 4 26 3 28 16 8 10 19 17 6 27 5 24 18 10 11 21 12 7 28 5 3 2 11 13 16 14 9 24 7 26 4 6 15 17 16 11 25 18 12 21 20 26 3 5 22 11 10 20 13 23 9 8 25 14 19 20 13 23 10 19 28 7 24 6 21 15 18 12 14 3 2 25 8 19 14 16 17 12 2 22 27 5 24 9 27 6 23 25 17 4 22 28 7 26 4 22 23 15 9 20 
2 3 5 7 18 13 20 21 16 27 28 1 1 0 0 0 0 0 0 0 0 0 0 1 0 1 0 0 0 0 0 0 0 0 0 0 1 0 0 0 0 0 0 0 0 0 0 0 0 0 0 0 0 0 0 0 0 1 0 0 0 0 0 0 1 1 0 0 0 0 0 0 0 0 0 0 0 0 0 0 0 0 0 0 1 0 0 0 0 0 0 0 0 0 0 1 1 2 27 21 10 8 18 12 7 26 3 28 16 11 10 19 14 9 27 5 24 18 13 11 21 15 4 28 5 3 2 8 13 16 17 6 24 7 26 4 9 15 17 19 8 25 18 12 21 23 26 3 2 25 11 13 23 10 20 6 11 25 14 16 20 13 23 10 19 28 4 27 6 21 15 18 12 14 3 5 22 8 16 17 19 14 15 5 22 24 2 27 6 24 9 20 22 17 7 25 28 7 26 4 22 23 12 9 20 
2 3 5 7 18 13 21 23 16 26 27 1 1 0 0 0 0 0 0 0 0 0 0 1 0 1 0 0 0 0 0 0 0 0 0 0 1 0 0 0 0 0 0 0 0 0 0 0 0 0 0 0 0 0 0 0 0 1 0 0 0 0 0 0 0 1 0 1 0 0 0 0 0 0 0 0 0 0 0 0 0 0 0 0 1 0 0 0 0 0 0 0 0 0 1 1 0 2 27 21 10 18 11 12 28 7 3 28 16 11 19 13 14 24 9 5 24 18 13 21 8 15 26 4 5 3 2 8 16 10 17 27 6 7 26 4 9 17 12 19 22 8 18 12 21 23 3 28 2 8 25 13 23 10 20 6 11 25 19 14 21 15 18 12 14 3 5 11 22 23 10 20 13 16 26 7 6 24 16 17 19 14 15 5 22 2 27 26 4 28 7 25 20 15 23 9 27 6 24 9 20 22 17 25 4 
2 3 5 7 21 10 18 23 16 26 27 1 1 0 0 0 0 0 0 0 0 0 0 1 0 1 0 0 0 0 0 0 0 0 0 0 0 0 0 1 0 0 0 0 0 0 0 0 0 0 0 0 0 0 1 0 0 0 0 0 0 0 1 0 0 0 0 1 0 0 0 0 0 0 0 0 0 0 0 0 0 0 0 0 1 0 0 0 0 0 0 0 0 0 1 1 0 2 27 18 13 21 11 12 28 7 3 28 19 8 16 13 14 24 9 5 24 21 10 18 8 15 26 4 5 3 2 11 19 10 17 27 6 7 26 4 6 14 12 19 22 8 21 15 18 23 3 26 5 11 22 10 20 13 23 9 11 22 16 17 18 12 21 15 17 3 2 8 25 23 10 20 13 16 28 7 6 24 16 17 19 14 15 2 25 5 27 26 4 28 7 25 23 12 20 9 27 6 24 9 20 25 14 22 4 
2 3 5 7 21 13 18 20 19 24 28 1 1 0 0 0 0 0 0 0 0 0 0 1 0 1 0 0 0 0 0 0 0 0 0 0 0 0 0 1 0 0 0 0 0 0 0 0 0 0 0 0 0 0 0 0 0 1 0 0 0 0 1 0 1 0 0 0 0 0 0 0 0 0 0 0 0 0 0 0 0 0 0 0 0 0 0 1 0 0 0 0 1 0 0 0 1 2 27 18 10 21 8 15 4 26 3 28 19 11 16 10 17 6 27 5 24 21 13 18 11 12 7 28 5 3 2 8 19 13 14 9 24 7 26 4 9 14 15 16 11 25 21 15 18 20 3 28 2 25 8 13 23 10 20 6 8 22 17 16 18 12 21 15 17 3 5 22 11 20 13 23 10 19 26 7 24 6 19 14 16 17 12 5 25 2 27 24 9 27 6 23 22 14 25 4 28 7 26 4 22 20 12 23 9 
2 3 5 7 21 13 18 23 19 24 26 1 1 0 0 0 0 0 0 0 0 0 0 1 0 1 0 0 0 0 0 0 0 0 0 0 0 0 0 1 0 0 0 0 0 0 0 0 0 0 0 0 0 0 0 0 0 1 0 0 0 0 1 0 0 0 0 1 0 0 0 0 0 0 0 0 0 0 0 0 0 0 0 0 0 0 0 1 0 0 0 0 1 0 1 0 0 2 27 18 10 21 11 15 4 28 3 28 19 11 16 13 17 6 24 5 24 21 13 18 8 12 7 26 5 3 2 8 19 10 14 9 27 7 26 4 9 14 12 16 11 22 21 15 18 20 3 26 2 25 11 13 23 10 20 6 8 22 17 19 18 12 21 15 17 3 5 22 8 23 10 20 13 16 28 4 27 6 19 14 16 17 12 5 25 2 24 24 9 27 6 23 22 14 25 7 26 4 28 7 25 23 15 20 9 
2 3 5 8 9 6 12 18 7 20 22 1 1 0 0 0 0 0 0 0 0 0 0 1 0 0 1 1 0 0 0 0 0 0 0 0 0 0 0 0 0 0 0 0 0 0 0 0 0 0 1 0 0 0 0 0 1 0 0 0 0 0 1 0 0 0 0 0 0 0 0 0 0 0 0 1 0 0 0 0 0 0 0 0 0 0 0 0 1 0 1 0 0 0 0 0 0 2 20 6 9 16 21 27 8 25 3 22 7 4 18 16 28 10 20 5 23 9 6 19 18 24 11 22 5 3 2 7 21 19 26 13 23 8 25 11 28 24 13 7 16 17 9 27 6 3 25 15 2 17 19 6 24 9 27 26 3 5 14 16 12 21 15 18 4 22 11 20 13 18 12 21 15 10 19 17 26 4 7 26 4 28 27 5 2 23 14 20 13 23 10 12 14 17 8 28 22 8 25 11 14 15 12 10 24 
2 3 5 8 10 16 21 28 24 26 27 1 1 0 0 0 0 0 0 0 0 0 0 1 0 0 1 0 1 0 0 0 0 0 0 0 0 0 0 0 0 0 0 0 0 0 0 0 0 0 0 0 0 0 0 0 0 0 0 0 1 0 0 0 0 1 0 0 0 0 0 0 1 0 0 0 0 0 0 0 0 0 0 0 0 0 0 0 0 0 0 0 1 0 1 1 0 2 20 13 12 18 26 4 28 7 3 22 8 14 19 27 6 24 9 5 23 10 15 21 28 7 26 4 5 3 2 17 16 24 9 27 6 8 25 11 20 10 18 12 21 15 10 20 13 22 11 19 14 16 17 16 17 19 14 8 25 20 13 23 21 15 18 12 13 23 25 11 22 28 7 26 4 21 15 5 3 2 24 9 27 6 16 17 8 22 2 26 4 28 7 18 12 10 23 3 27 6 24 9 19 14 11 25 5 
2 3 5 8 10 18 19 26 24 27 28 1 1 0 0 0 0 0 0 0 0 0 0 1 0 0 1 0 1 0 0 0 0 0 0 0 0 0 0 0 0 0 0 0 0 0 0 0 0 0 0 0 0 0 0 0 0 0 0 0 0 0 1 1 0 0 0 0 0 0 1 0 0 0 0 0 0 0 0 0 0 0 0 0 0 0 0 0 0 0 0 0 1 0 0 1 1 2 20 13 21 15 28 4 7 26 3 22 8 16 17 24 6 9 27 5 23 10 18 12 26 7 4 28 5 3 2 19 14 27 9 6 24 8 25 11 13 23 21 12 15 18 10 20 13 8 25 16 14 17 19 18 12 21 15 10 20 22 25 11 19 14 16 17 11 22 23 20 13 26 4 28 7 18 12 2 5 3 24 9 27 6 16 17 25 11 5 27 6 24 9 19 14 22 8 2 28 7 26 4 21 15 23 10 3 
2 3 5 8 10 19 21 26 24 27 28 1 1 0 0 0 0 0 0 0 0 0 0 1 0 0 1 0 1 0 0 0 0 0 0 0 0 0 0 0 0 0 0 0 0 0 0 0 0 0 0 0 0 0 0 0 0 0 0 0 0 0 0 1 0 1 0 0 0 0 1 0 0 0 0 0 0 0 0 0 0 0 0 0 0 0 0 0 0 0 0 0 1 0 0 1 1 2 20 13 15 18 28 4 7 26 3 22 8 17 19 24 6 9 27 5 23 10 12 21 26 7 4 28 5 3 2 14 16 27 9 6 24 8 25 11 23 10 21 12 15 18 10 20 13 25 11 16 14 17 19 19 14 16 17 11 22 23 20 13 21 15 18 12 13 23 25 22 8 26 4 28 7 18 12 2 5 3 24 9 27 6 16 17 11 22 5 27 6 24 9 19 14 8 25 2 28 7 26 4 21 15 10 20 3 
2 3 5 8 13 16 18 28 24 26 27 1 1 0 0 0 0 0 0 0 0 0 0 1 0 0 1 0 0 0 0 1 0 0 0 0 0 0 0 0 0 0 0 0 0 0 0 0 0 0 0 0 0 0 0 0 0 0 0 0 1 0 1 0 0 0 0 0 0 0 0 0 1 0 0 0 0 0 0 0 0 0 0 0 0 0 0 0 0 0 0 0 1 0 1 1 0 2 20 10 12 21 26 4 28 7 3 22 11 14 16 27 6 24 9 5 23 13 15 18 28 7 26 4 5 3 2 17 19 24 9 27 6 8 25 11 20 13 18 12 21 15 13 23 10 25 11 16 17 19 14 16 17 19 14 8 22 20 13 23 18 12 21 15 10 23 22 8 25 28 7 26 4 21 12 5 3 2 24 9 27 6 16 14 8 25 2 26 4 28 7 18 15 10 20 3 27 6 24 9 19 17 11 22 5 
2 3 5 8 13 16 21 28 24 26 27 1 1 0 0 0 0 0 0 0 0 0 0 1 0 0 1 0 0 0 0 1 0 0 0 0 0 0 0 0 0 0 0 0 0 0 0 0 0 0 0 0 0 0 0 0 0 0 0 0 1 0 0 0 0 1 0 0 0 0 0 0 1 0 0 0 0 0 0 0 0 0 0 0 0 0 0 0 0 0 0 0 1 0 1 1 0 2 20 10 12 18 26 4 28 7 3 22 11 14 19 27 6 24 9 5 23 13 15 21 28 7 26 4 5 3 2 17 16 24 9 27 6 8 25 11 20 10 18 12 21 15 13 23 10 25 8 16 17 19 14 16 17 19 14 8 22 20 13 23 21 15 18 12 13 20 25 11 22 28 7 26 4 21 12 5 3 2 24 9 27 6 16 14 8 22 2 26 4 28 7 18 15 10 23 3 27 6 24 9 19 17 11 25 5 
2 3 5 8 13 19 21 26 24 27 28 1 1 0 0 0 0 0 0 0 0 0 0 1 0 0 1 0 0 0 0 1 0 0 0 0 0 0 0 0 0 0 0 0 0 0 0 0 0 0 0 0 0 0 0 0 0 0 0 0 0 0 0 1 0 1 0 0 0 0 1 0 0 0 0 0 0 0 0 0 0 0 0 0 0 0 0 0 0 0 0 0 1 0 0 1 1 2 20 10 15 18 28 4 7 26 3 22 11 17 19 24 6 9 27 5 23 13 12 21 26 7 4 28 5 3 2 14 16 27 9 6 24 8 25 11 23 10 21 12 15 18 13 23 10 22 8 19 17 14 16 19 14 16 17 11 25 23 20 13 21 15 18 12 13 20 25 22 8 26 4 28 7 18 15 2 5 3 24 9 27 6 16 14 11 22 5 27 6 24 9 19 17 8 25 2 28 7 26 4 21 12 10 20 3 
2 3 5 9 11 6 12 21 7 20 25 1 1 0 0 0 0 0 0 0 0 0 0 1 0 0 0 1 0 1 0 0 0 0 0 0 0 0 0 0 0 0 0 0 0 0 0 0 0 0 1 0 0 0 0 0 1 0 0 0 0 0 0 0 0 1 0 0 0 0 0 0 0 0 0 1 0 0 0 0 0 0 0 0 0 0 0 0 1 0 0 0 0 1 0 0 0 2 6 23 9 16 18 27 8 22 3 7 25 4 18 19 28 10 23 5 9 20 6 19 21 24 11 25 5 3 2 7 21 16 26 13 20 9 27 6 3 25 12 2 17 16 11 22 8 26 27 13 4 19 17 6 24 9 27 3 28 5 14 19 12 21 15 18 22 7 11 20 10 21 15 18 12 16 10 14 28 4 7 26 4 28 5 24 2 23 17 20 13 23 10 14 15 17 8 26 25 11 22 8 12 14 15 13 24 
2 3 5 9 11 6 15 21 7 20 22 1 1 0 0 0 0 0 0 0 0 0 0 1 0 0 0 1 0 1 0 0 0 0 0 0 0 0 0 0 0 0 0 0 0 0 0 0 0 0 1 0 0 0 0 0 0 0 0 1 0 0 0 0 0 1 0 0 0 0 0 0 0 0 0 1 0 0 0 0 0 0 0 0 0 0 0 0 1 0 1 0 0 0 0 0 0 2 6 23 9 19 18 27 8 25 3 7 25 4 21 19 28 10 20 5 9 20 6 16 21 24 11 22 5 3 2 7 18 16 26 13 23 9 27 6 3 22 12 2 17 19 11 22 8 26 24 13 4 19 14 6 24 9 27 3 28 5 14 16 15 18 12 21 25 4 8 23 10 21 15 18 12 16 10 14 28 7 7 26 4 28 5 24 2 20 17 20 13 23 10 14 15 17 11 26 22 8 25 11 15 17 12 13 27 
2 3 5 9 14 6 12 15 10 25 28 1 1 0 0 0 0 0 0 0 0 0 0 1 0 0 0 1 0 0 0 0 1 0 0 0 0 0 0 0 0 0 0 0 0 0 0 0 0 0 1 0 0 0 0 0 1 0 0 1 0 0 0 0 0 0 0 0 0 0 0 0 0 0 0 0 0 0 1 0 0 0 0 0 0 0 0 0 0 0 0 0 0 1 0 0 1 2 6 17 9 16 19 13 22 26 3 7 12 4 18 21 8 23 27 5 9 14 6 19 16 10 25 28 5 3 2 7 21 18 11 20 24 9 27 6 3 25 22 7 16 20 14 16 17 20 2 5 24 11 15 6 24 9 27 3 8 4 19 23 12 21 15 18 22 5 28 10 14 15 18 12 21 25 2 26 13 17 10 20 13 23 27 4 24 26 28 25 11 22 8 12 23 15 13 10 28 7 26 4 8 19 11 17 14 
2 3 5 9 14 8 11 17 13 18 26 1 1 0 0 0 0 0 0 0 0 0 0 1 0 0 0 1 0 0 0 0 1 0 0 0 0 0 0 0 0 0 0 0 0 0 0 0 0 0 0 0 1 0 0 1 0 0 0 0 0 1 0 0 0 0 0 0 0 0 0 0 0 0 0 0 0 0 0 0 0 1 0 0 0 0 1 0 0 0 0 0 0 0 1 0 0 2 6 17 20 23 14 10 21 28 3 7 12 22 25 15 11 16 24 5 9 14 23 20 17 13 18 26 5 3 2 25 22 12 8 19 27 9 27 6 28 26 8 4 15 23 14 16 17 6 9 3 27 4 12 8 25 11 22 26 9 2 13 21 11 22 8 25 28 6 5 10 18 17 19 14 16 20 3 24 7 15 13 23 10 20 24 7 5 2 4 18 12 21 15 19 24 10 13 27 26 4 28 7 11 16 18 21 19 
2 3 5 9 17 6 12 15 13 25 28 1 1 0 0 0 0 0 0 0 0 0 0 1 0 0 0 1 0 0 0 0 0 0 0 1 0 0 0 0 0 0 0 0 0 0 0 0 0 0 1 0 0 0 0 0 1 0 0 1 0 0 0 0 0 0 0 0 0 0 0 0 0 0 0 0 0 0 0 0 0 1 0 0 0 0 0 0 0 0 0 0 0 1 0 0 1 2 6 14 9 16 19 10 22 26 3 7 15 4 18 21 11 23 27 5 9 17 6 19 16 13 25 28 5 3 2 7 21 18 8 20 24 9 27 6 3 25 22 4 16 20 17 19 14 23 5 2 24 8 12 6 24 9 27 3 11 7 19 23 12 21 15 18 22 2 26 10 14 15 18 12 21 25 5 28 13 17 13 23 10 20 24 4 27 28 26 25 11 22 8 12 20 15 13 10 28 7 26 4 8 16 11 17 14 
2 3 5 9 17 8 11 14 13 21 28 1 1 0 0 0 0 0 0 0 0 0 0 1 0 0 0 1 0 0 0 0 0 0 0 1 0 0 0 0 0 0 0 0 0 0 0 0 0 0 0 0 1 0 0 1 0 0 1 0 0 0 0 0 0 0 0 0 0 0 0 0 0 0 0 0 0 0 0 0 0 1 0 0 0 0 0 0 0 1 0 0 0 0 0 0 1 2 6 14 20 23 17 10 18 26 3 7 15 22 25 12 11 19 27 5 9 17 23 20 14 13 21 28 5 3 2 25 22 15 8 16 24 9 27 6 28 26 11 4 12 20 17 19 14 9 6 3 24 4 12 8 25 11 22 26 6 2 10 18 11 22 8 25 28 9 5 13 21 14 16 17 19 23 3 27 7 15 13 23 10 20 24 4 5 2 7 21 15 18 12 16 24 13 10 27 28 7 26 4 8 16 21 18 19 
2 3 5 9 22 6 12 15 13 17 26 1 1 0 0 0 0 0 0 0 0 0 0 1 0 0 0 1 0 0 0 0 0 0 0 0 0 0 0 0 1 0 0 0 0 0 0 0 0 0 1 0 0 0 0 0 1 0 0 1 0 0 0 0 0 0 0 0 0 0 0 0 0 0 0 0 0 0 0 0 0 1 0 0 0 1 0 0 0 0 0 0 0 0 1 0 0 2 6 25 9 16 19 10 14 28 3 7 20 4 18 21 11 15 24 5 9 22 6 19 16 13 17 26 5 3 2 7 21 18 8 12 27 9 27 6 3 25 22 4 8 23 22 8 25 12 10 13 19 23 4 6 24 9 27 3 16 7 11 20 12 21 15 18 22 13 26 2 17 15 18 12 21 25 10 28 5 14 13 23 10 20 24 15 27 28 26 17 19 14 16 20 11 23 5 2 26 4 28 7 11 24 8 14 17 
2 3 5 9 25 6 12 15 13 17 28 1 1 0 0 0 0 0 0 0 0 0 0 1 0 0 0 1 0 0 0 0 0 0 0 0 0 0 0 0 0 0 0 1 0 0 0 0 0 0 1 0 0 0 0 0 1 0 0 1 0 0 0 0 0 0 0 0 0 0 0 0 0 0 0 0 0 0 0 0 0 1 0 0 0 1 0 0 0 0 0 0 0 0 0 0 1 2 6 22 9 16 19 10 14 26 3 7 23 4 18 21 11 15 27 5 9 25 6 19 16 13 17 28 5 3 2 7 21 18 8 12 24 9 27 6 3 25 22 4 8 20 25 11 22 15 13 10 16 20 4 6 24 9 27 3 19 7 11 23 12 21 15 18 22 10 26 2 14 15 18 12 21 25 13 28 5 17 13 23 10 20 24 12 27 28 26 17 19 14 16 20 8 23 5 2 28 7 26 4 8 24 11 17 14 
2 3 5 10 11 16 18 26 24 27 28 1 1 0 0 0 0 0 0 0 0 0 0 1 0 0 0 0 1 1 0 0 0 0 0 0 0 0 0 0 0 0 0 0 0 0 0 0 0 0 0 0 0 0 0 0 0 0 0 0 1 0 1 0 0 0 0 0 0 0 1 0 0 0 0 0 0 0 0 0 0 0 0 0 0 0 0 0 0 0 0 0 1 0 0 1 1 2 13 23 12 21 28 4 7 26 3 8 25 14 16 24 6 9 27 5 10 20 15 18 26 7 4 28 5 3 2 17 19 27 9 6 24 10 20 13 22 8 16 14 17 19 11 22 8 23 10 18 15 12 21 16 17 19 14 25 11 20 23 10 18 12 21 15 20 13 22 25 11 26 4 28 7 12 21 2 5 3 24 9 27 6 17 19 8 25 5 27 6 24 9 14 16 11 22 2 28 7 26 4 15 18 13 23 3 
2 3 5 10 11 16 21 26 24 27 28 1 1 0 0 0 0 0 0 0 0 0 0 1 0 0 0 0 1 1 0 0 0 0 0 0 0 0 0 0 0 0 0 0 0 0 0 0 0 0 0 0 0 0 0 0 0 0 0 0 1 0 0 0 0 1 0 0 0 0 1 0 0 0 0 0 0 0 0 0 0 0 0 0 0 0 0 0 0 0 0 0 1 0 0 1 1 2 13 23 12 18 28 4 7 26 3 8 25 14 19 24 6 9 27 5 10 20 15 21 26 7 4 28 5 3 2 17 16 27 9 6 24 10 20 13 22 11 16 14 17 19 11 22 8 23 13 18 15 12 21 16 17 19 14 25 11 20 23 10 21 15 18 12 23 10 25 22 8 26 4 28 7 12 21 2 5 3 24 9 27 6 17 19 8 22 5 27 6 24 9 14 16 11 25 2 28 7 26 4 15 18 13 20 3 
2 3 5 10 11 19 21 28 24 26 27 1 1 0 0 0 0 0 0 0 0 0 0 1 0 0 0 0 1 1 0 0 0 0 0 0 0 0 0 0 0 0 0 0 0 0 0 0 0 0 0 0 0 0 0 0 0 0 0 0 0 0 0 1 0 1 0 0 0 0 0 0 1 0 0 0 0 0 0 0 0 0 0 0 0 0 0 0 0 0 0 0 1 0 1 1 0 2 13 23 15 18 26 4 28 7 3 8 25 17 19 27 6 24 9 5 10 20 12 21 28 7 26 4 5 3 2 14 16 24 9 27 6 10 20 13 25 11 19 14 16 17 11 22 8 20 13 21 15 18 12 19 14 16 17 22 8 23 10 20 21 15 18 12 23 10 25 11 22 28 7 26 4 15 18 5 3 2 24 9 27 6 17 19 11 22 2 26 4 28 7 12 21 13 23 3 27 6 24 9 14 16 8 25 5 
2 3 5 10 13 18 21 26 24 27 28 1 1 0 0 0 0 0 0 0 0 0 0 1 0 0 0 0 1 0 0 1 0 0 0 0 0 0 0 0 0 0 0 0 0 0 0 0 0 0 0 0 0 0 0 0 0 0 0 0 0 0 1 0 0 1 0 0 0 0 1 0 0 0 0 0 0 0 0 0 0 0 0 0 0 0 0 0 0 0 0 0 1 0 0 1 1 2 13 10 21 18 28 4 7 26 3 8 11 16 19 24 6 9 27 5 10 13 18 21 26 7 4 28 5 3 2 19 16 27 9 6 24 10 20 13 8 11 16 14 17 19 13 23 10 11 8 19 17 14 16 18 12 21 15 20 23 22 25 11 21 15 18 12 23 20 25 22 8 26 4 28 7 12 15 2 5 3 24 9 27 6 17 14 25 22 5 27 6 24 9 14 17 22 25 2 28 7 26 4 15 12 23 20 3 
2 3 5 10 13 18 21 28 24 26 27 1 1 0 0 0 0 0 0 0 0 0 0 1 0 0 0 0 1 0 0 1 0 0 0 0 0 0 0 0 0 0 0 0 0 0 0 0 0 0 0 0 0 0 0 0 0 0 0 0 0 0 1 0 0 1 0 0 0 0 0 0 1 0 0 0 0 0 0 0 0 0 0 0 0 0 0 0 0 0 0 0 1 0 1 1 0 2 13 10 21 18 26 4 28 7 3 8 11 16 19 27 6 24 9 5 10 13 18 21 28 7 26 4 5 3 2 19 16 24 9 27 6 10 20 13 8 11 19 14 16 17 13 23 10 11 8 16 17 19 14 18 12 21 15 20 23 22 8 25 21 15 18 12 23 20 25 11 22 28 7 26 4 15 12 5 3 2 24 9 27 6 17 14 25 22 2 26 4 28 7 12 15 20 23 3 27 6 24 9 14 17 22 25 5 
2 3 5 10 14 6 21 28 8 11 17 1 1 0 0 0 0 0 0 0 0 0 0 1 0 0 0 0 1 0 0 0 1 0 0 0 0 0 0 0 0 0 0 0 0 0 0 0 0 0 1 0 0 0 0 0 0 0 0 0 0 0 0 0 0 1 0 0 0 0 0 0 1 0 0 0 1 0 0 1 0 0 0 0 0 1 0 0 0 0 0 0 0 0 0 0 0 2 13 17 9 18 26 20 23 14 3 8 12 4 19 27 22 25 15 5 10 14 6 21 28 23 20 17 5 3 2 7 16 24 25 22 12 10 20 13 24 11 19 2 5 7 14 16 17 20 7 15 6 9 3 6 24 9 27 4 8 26 28 11 21 15 18 12 23 27 13 10 24 28 7 26 4 15 19 21 18 16 8 25 11 22 5 9 28 10 18 11 22 8 25 2 6 26 13 21 17 19 14 16 27 3 23 4 12 
2 3 5 10 14 13 24 27 18 25 28 1 1 0 0 0 0 0 0 0 0 0 0 1 0 0 0 0 1 0 0 0 1 0 0 0 0 0 0 0 0 0 0 0 0 0 0 0 0 0 0 0 0 0 0 0 0 1 0 0 0 0 0 0 0 0 0 0 1 0 0 1 0 0 0 0 0 0 0 0 0 0 0 0 0 0 1 0 0 0 0 0 0 1 0 0 1 2 13 17 10 4 7 21 22 26 3 8 12 11 6 9 16 23 27 5 10 14 13 7 4 18 25 28 5 3 2 8 9 6 19 20 24 10 20 13 3 14 17 8 15 19 14 16 17 27 18 21 4 11 15 13 23 10 20 3 7 11 12 16 24 9 27 6 17 21 25 26 2 27 6 24 9 14 18 22 28 5 18 12 21 15 20 24 23 22 25 25 11 22 8 19 23 16 28 26 28 7 26 4 15 19 12 5 2 
2 3 5 10 16 6 13 27 8 15 17 1 1 0 0 0 0 0 0 0 0 0 0 1 0 0 0 0 1 0 0 0 0 0 1 0 0 0 0 0 0 0 0 0 0 0 0 0 0 0 1 0 0 0 0 0 0 1 0 0 0 0 0 0 0 0 0 0 0 0 0 1 0 0 0 0 1 0 0 0 0 0 0 1 0 1 0 0 0 0 0 0 0 0 0 0 0 2 13 12 9 10 7 20 19 14 3 8 14 4 11 9 22 21 15 5 10 15 6 13 4 23 16 17 5 3 2 7 8 6 25 18 12 10 20 13 24 3 17 2 28 7 16 17 19 21 22 23 8 7 26 6 24 9 27 4 18 26 25 11 13 23 10 20 3 25 5 26 4 27 6 24 9 14 11 19 12 21 8 25 11 22 5 20 28 2 15 15 18 12 21 26 27 22 28 16 17 19 14 16 27 28 23 24 18 
2 3 5 10 16 9 13 24 11 12 14 1 1 0 0 0 0 0 0 0 0 0 0 1 0 0 0 0 1 0 0 0 0 0 1 0 0 0 0 0 0 0 0 0 0 0 0 0 0 0 0 0 0 1 0 0 0 1 0 0 0 0 0 0 0 0 0 0 1 0 0 0 0 0 0 0 0 0 0 1 1 0 1 0 0 0 0 0 0 0 0 0 0 0 0 0 0 2 13 12 6 10 4 23 16 17 3 8 14 7 11 6 25 18 12 5 10 15 9 13 7 20 19 14 5 3 2 4 8 9 22 21 15 10 20 13 27 3 14 5 26 4 16 17 19 18 22 20 11 4 28 9 27 6 24 7 21 26 25 11 13 23 10 20 3 25 2 28 7 24 9 27 6 17 8 19 12 21 11 22 8 25 2 23 28 5 15 12 21 15 18 28 24 22 26 16 14 16 17 19 24 26 23 27 18 
2 3 5 10 16 9 13 27 11 12 17 1 1 0 0 0 0 0 0 0 0 0 0 1 0 0 0 0 1 0 0 0 0 0 1 0 0 0 0 0 0 0 0 0 0 0 0 0 0 0 0 0 0 1 0 0 0 1 0 0 0 0 0 0 0 0 0 0 0 0 0 1 0 0 0 0 0 0 0 1 1 0 0 0 0 1 0 0 0 0 0 0 0 0 0 0 0 2 13 12 6 10 7 23 16 14 3 8 14 7 11 9 25 18 15 5 10 15 9 13 4 20 19 17 5 3 2 4 8 6 22 21 12 10 20 13 27 3 17 5 26 7 16 17 19 18 22 23 11 4 26 9 27 6 24 7 21 26 25 8 13 23 10 20 3 25 2 28 4 27 6 24 9 14 11 16 15 21 11 22 8 25 2 23 28 5 12 12 21 15 18 28 24 22 26 19 17 19 14 16 27 28 20 24 18 
2 3 5 10 17 8 11 14 9 21 26 1 1 0 0 0 0 0 0 0 0 0 0 1 0 0 0 0 1 0 0 0 0 0 0 1 0 0 0 0 0 0 0 0 0 0 0 0 0 0 0 0 1 0 0 1 0 0 1 0 0 0 0 0 0 0 0 0 0 0 0 0 0 0 0 0 0 1 0 0 0 0 0 0 0 0 0 0 0 1 0 0 0 0 1 0 0 2 13 14 20 23 17 6 18 28 3 8 15 22 25 12 7 19 24 5 10 17 23 20 14 9 21 26 5 3 2 25 22 15 4 16 27 10 20 13 2 5 4 27 11 16 17 19 14 9 6 3 20 4 15 8 25 11 22 5 6 26 10 21 11 22 8 25 2 9 28 13 18 14 16 17 19 24 3 23 7 12 9 27 6 24 7 8 28 26 11 21 15 18 12 23 24 13 10 27 26 4 28 7 12 19 18 21 16 
2 3 5 10 17 13 24 27 18 22 28 1 1 0 0 0 0 0 0 0 0 0 0 1 0 0 0 0 1 0 0 0 0 0 0 1 0 0 0 0 0 0 0 0 0 0 0 0 0 0 0 0 0 0 0 0 0 1 0 0 0 0 0 0 0 0 0 0 1 0 0 1 0 0 0 0 0 0 0 0 0 0 0 0 0 0 1 0 0 0 1 0 0 0 0 0 1 2 13 14 10 4 7 21 25 26 3 8 15 11 6 9 16 20 27 5 10 17 13 7 4 18 22 28 5 3 2 8 9 6 19 23 24 10 20 13 3 14 17 8 12 19 17 19 14 24 21 18 7 11 12 13 23 10 20 3 4 11 15 16 24 9 27 6 17 18 25 28 2 27 6 24 9 14 21 22 26 5 18 12 21 15 20 27 23 22 25 22 8 25 11 16 23 19 26 28 28 7 26 4 15 16 12 5 2 
2 3 5 10 19 6 13 24 11 12 17 1 1 0 0 0 0 0 0 0 0 0 0 1 0 0 0 0 1 0 0 0 0 0 0 0 0 1 0 0 0 0 0 0 0 0 0 0 0 0 1 0 0 0 0 0 0 1 0 0 0 0 0 0 0 0 0 0 1 0 0 0 0 0 0 0 0 0 0 1 1 0 0 0 0 1 0 0 0 0 0 0 0 0 0 0 0 2 13 15 9 10 4 23 16 14 3 8 17 4 11 6 25 18 15 5 10 12 6 13 7 20 19 17 5 3 2 7 8 9 22 21 12 10 20 13 24 3 14 5 26 7 19 14 16 18 25 23 8 7 28 6 24 9 27 4 21 28 22 11 13 23 10 20 3 22 2 28 4 24 9 27 6 17 11 19 12 18 11 22 8 25 2 20 26 5 15 12 21 15 18 28 27 25 26 16 17 19 14 16 27 26 23 24 21 
2 3 5 10 19 8 14 15 9 13 27 1 1 0 0 0 0 0 0 0 0 0 0 1 0 0 0 0 1 0 0 0 0 0 0 0 0 1 0 0 0 0 0 0 0 0 0 0 0 0 0 0 1 0 0 0 0 0 1 1 0 0 0 0 0 0 0 0 0 0 0 0 0 0 0 0 0 1 0 0 0 1 0 0 0 0 0 0 0 0 0 0 0 0 0 1 0 2 13 15 20 17 19 6 10 7 3 8 17 22 12 21 7 11 9 5 10 12 23 14 16 9 13 4 5 3 2 25 15 18 4 8 6 10 20 13 2 4 28 27 3 17 19 14 16 11 26 4 21 25 20 8 25 11 22 5 23 26 2 15 14 16 17 19 24 28 23 27 21 15 18 12 21 26 24 25 28 16 9 27 6 24 7 18 28 11 22 13 23 10 20 3 22 5 7 26 27 6 24 9 14 8 19 18 12 
2 3 5 10 19 8 15 17 9 13 24 1 1 0 0 0 0 0 0 0 0 0 0 1 0 0 0 0 1 0 0 0 0 0 0 0 0 1 0 0 0 0 0 0 0 0 0 0 0 0 0 0 1 0 0 0 0 0 0 1 0 1 0 0 0 0 0 0 0 0 0 0 0 0 0 0 0 1 0 0 0 1 0 0 0 0 0 0 0 0 0 0 1 0 0 0 0 2 13 15 20 19 14 6 10 4 3 8 17 22 21 15 7 11 6 5 10 12 23 16 17 9 13 7 5 3 2 25 18 12 4 8 9 10 20 13 2 28 7 27 3 14 19 14 16 11 4 28 21 25 23 8 25 11 22 5 23 26 2 12 15 18 12 21 26 24 25 28 19 17 19 14 16 27 26 20 24 21 9 27 6 24 7 18 28 22 8 13 23 10 20 3 22 5 26 4 24 9 27 6 17 11 16 15 18 
2 3 5 10 26 9 21 22 16 19 28 1 1 0 0 0 0 0 0 0 0 0 0 1 0 0 0 0 1 0 0 0 0 0 0 0 0 0 0 0 0 0 0 0 1 0 0 0 0 0 0 0 0 1 0 0 0 0 0 0 0 0 0 0 0 1 1 0 0 0 0 0 0 0 0 0 0 0 0 0 0 0 0 0 1 0 0 1 0 0 0 0 0 0 0 0 1 2 13 28 6 18 25 12 15 26 3 8 24 7 19 20 14 17 27 5 10 26 9 21 22 15 12 28 5 3 2 4 16 23 17 14 24 10 20 13 27 11 12 22 25 19 26 4 28 11 23 24 10 13 3 9 27 6 24 7 23 21 18 20 21 15 18 12 23 11 5 2 8 22 8 25 11 16 4 6 9 7 16 17 19 14 25 13 18 2 9 19 14 16 17 22 10 21 5 6 28 7 26 4 15 3 8 20 27 
2 3 5 10 26 13 24 27 14 21 25 1 1 0 0 0 0 0 0 0 0 0 0 1 0 0 0 0 1 0 0 0 0 0 0 0 0 0 0 0 0 0 0 0 1 0 0 0 0 0 0 0 0 0 0 0 0 1 0 0 0 0 0 0 0 0 0 0 1 0 0 1 0 0 0 0 0 0 0 0 0 0 1 0 0 0 0 0 0 1 0 0 0 1 0 0 0 2 13 28 10 4 7 17 18 22 3 8 24 11 6 9 12 19 23 5 10 26 13 7 4 14 21 25 5 3 2 8 9 6 15 16 20 10 20 13 3 14 17 4 11 15 26 4 28 15 2 5 16 23 27 13 23 10 20 3 19 7 8 12 24 9 27 6 17 5 21 22 26 27 6 24 9 14 2 18 25 28 14 16 17 19 24 12 27 18 21 21 15 18 12 23 11 20 25 22 25 11 22 8 19 7 16 28 26 
2 3 5 10 28 6 21 25 16 19 26 1 1 0 0 0 0 0 0 0 0 0 0 1 0 0 0 0 1 0 0 0 0 0 0 0 0 0 0 0 0 0 0 0 0 0 1 0 0 0 1 0 0 0 0 0 0 0 0 0 0 0 0 0 0 1 0 0 0 1 0 0 0 0 0 0 0 0 0 0 0 0 0 0 1 0 0 1 0 0 0 0 0 0 1 0 0 2 13 26 9 18 22 12 15 28 3 8 27 4 19 23 14 17 24 5 10 28 6 21 25 15 12 26 5 3 2 7 16 20 17 14 27 10 20 13 24 11 15 22 25 16 28 7 26 11 20 24 13 10 3 6 24 9 27 4 23 18 21 20 21 15 18 12 23 8 5 2 11 25 11 22 8 19 4 9 6 7 16 17 19 14 25 10 21 2 6 19 14 16 17 22 13 18 5 9 26 4 28 7 12 3 8 23 27 
2 3 5 10 28 13 24 27 14 18 25 1 1 0 0 0 0 0 0 0 0 0 0 1 0 0 0 0 1 0 0 0 0 0 0 0 0 0 0 0 0 0 0 0 0 0 1 0 0 0 0 0 0 0 0 0 0 1 0 0 0 0 0 0 0 0 0 0 1 0 0 1 0 0 0 0 0 0 0 0 0 0 1 0 0 0 1 0 0 0 0 0 0 1 0 0 0 2 13 26 10 4 7 17 21 22 3 8 27 11 6 9 12 16 23 5 10 28 13 7 4 14 18 25 5 3 2 8 9 6 15 19 20 10 20 13 3 14 17 4 8 15 28 7 26 12 5 2 19 23 24 13 23 10 20 3 16 7 11 12 24 9 27 6 17 2 21 25 26 27 6 24 9 14 5 18 22 28 14 16 17 19 24 15 27 18 21 18 12 21 15 20 11 23 22 25 25 11 22 8 19 4 16 28 26 
2 3 5 11 13 16 21 26 24 27 28 1 1 0 0 0 0 0 0 0 0 0 0 1 0 0 0 0 0 1 0 1 0 0 0 0 0 0 0 0 0 0 0 0 0 0 0 0 0 0 0 0 0 0 0 0 0 0 0 0 1 0 0 0 0 1 0 0 0 0 1 0 0 0 0 0 0 0 0 0 0 0 0 0 0 0 0 0 0 0 0 0 1 0 0 1 1 2 23 10 12 18 28 4 7 26 3 25 11 14 19 24 6 9 27 5 20 13 15 21 26 7 4 28 5 3 2 17 16 27 9 6 24 11 22 8 23 13 18 15 12 21 13 23 10 25 8 19 17 14 16 16 17 19 14 11 22 20 23 10 21 15 18 12 10 20 25 22 8 26 4 28 7 21 15 2 5 3 24 9 27 6 19 14 8 22 5 27 6 24 9 16 17 11 25 2 28 7 26 4 18 12 13 20 3 
2 3 5 11 13 18 19 28 24 26 27 1 1 0 0 0 0 0 0 0 0 0 0 1 0 0 0 0 0 1 0 1 0 0 0 0 0 0 0 0 0 0 0 0 0 0 0 0 0 0 0 0 0 0 0 0 0 0 0 0 0 0 1 1 0 0 0 0 0 0 0 0 1 0 0 0 0 0 0 0 0 0 0 0 0 0 0 0 0 0 0 0 1 0 1 1 0 2 23 10 21 15 26 4 28 7 3 25 11 16 17 27 6 24 9 5 20 13 18 12 28 7 26 4 5 3 2 19 14 24 9 27 6 11 22 8 10 20 21 15 18 12 13 23 10 11 22 16 17 19 14 18 12 21 15 13 23 22 8 25 19 14 16 17 8 25 23 10 20 28 7 26 4 18 12 5 3 2 24 9 27 6 19 14 25 11 2 26 4 28 7 21 15 20 13 3 27 6 24 9 16 17 22 8 5 
2 3 5 11 13 19 21 28 24 26 27 1 1 0 0 0 0 0 0 0 0 0 0 1 0 0 0 0 0 1 0 1 0 0 0 0 0 0 0 0 0 0 0 0 0 0 0 0 0 0 0 0 0 0 0 0 0 0 0 0 0 0 0 1 0 1 0 0 0 0 0 0 1 0 0 0 0 0 0 0 0 0 0 0 0 0 0 0 0 0 0 0 1 0 1 1 0 2 23 10 15 18 26 4 28 7 3 25 11 17 19 27 6 24 9 5 20 13 12 21 28 7 26 4 5 3 2 14 16 24 9 27 6 11 22 8 20 13 21 15 18 12 13 23 10 22 8 16 17 19 14 19 14 16 17 8 25 23 10 20 21 15 18 12 10 20 25 11 22 28 7 26 4 18 12 5 3 2 24 9 27 6 19 14 11 22 2 26 4 28 7 21 15 13 23 3 27 6 24 9 16 17 8 25 5 
2 3 5 12 14 8 10 11 13 24 28 1 1 0 0 0 0 0 0 0 0 0 0 1 0 0 0 0 0 0 1 0 1 0 0 0 0 0 0 0 0 0 0 0 0 0 0 0 0 0 0 0 1 0 1 1 0 0 0 0 0 0 0 0 0 0 0 0 0 0 0 0 0 0 0 0 0 0 0 0 0 1 0 0 0 0 0 0 0 0 0 0 1 0 0 0 1 2 16 17 20 13 23 10 4 26 3 18 12 22 8 25 11 6 27 5 19 14 23 10 20 13 7 28 5 3 2 25 11 22 8 9 24 12 21 15 4 28 7 26 16 14 14 16 17 6 24 9 27 18 15 8 25 11 22 24 9 2 12 18 10 20 13 23 26 4 3 14 19 11 22 8 25 27 6 5 15 21 13 23 10 20 28 7 5 3 2 24 9 27 6 12 21 16 17 19 28 7 26 4 17 19 21 15 18 
2 3 5 12 14 8 11 13 10 26 27 1 1 0 0 0 0 0 0 0 0 0 0 1 0 0 0 0 0 0 1 0 1 0 0 0 0 0 0 0 0 0 0 0 0 0 0 0 0 0 0 0 1 0 0 1 0 1 0 0 0 0 0 0 0 0 0 0 0 0 0 0 0 0 0 0 0 0 1 0 0 0 0 0 0 0 0 0 0 0 0 0 0 0 1 1 0 2 16 17 20 23 10 13 28 7 3 18 12 22 25 11 8 24 9 5 19 14 23 20 13 10 26 4 5 3 2 25 22 8 11 27 6 12 21 15 4 7 26 28 17 19 14 16 17 6 9 27 24 12 21 8 25 11 22 24 9 5 21 15 11 22 8 25 27 6 2 18 12 13 23 10 20 28 7 3 19 14 10 20 13 23 26 4 2 5 3 26 4 28 7 14 16 18 21 15 27 6 24 9 15 18 19 16 17 
2 3 5 12 14 8 11 13 10 27 28 1 1 0 0 0 0 0 0 0 0 0 0 1 0 0 0 0 0 0 1 0 1 0 0 0 0 0 0 0 0 0 0 0 0 0 0 0 0 0 0 0 1 0 0 1 0 1 0 0 0 0 0 0 0 0 0 0 0 0 0 0 0 0 0 0 0 0 1 0 0 0 0 0 0 0 0 0 0 0 0 0 0 0 0 1 1 2 16 17 20 23 10 13 7 26 3 18 12 22 25 11 8 9 27 5 19 14 23 20 13 10 4 28 5 3 2 25 22 8 11 6 24 12 21 15 4 7 26 28 19 14 14 16 17 6 9 27 24 21 15 8 25 11 22 24 9 5 15 18 11 22 8 25 27 6 2 12 21 13 23 10 20 28 7 3 14 16 10 20 13 23 26 4 2 5 3 27 6 24 9 15 18 19 16 17 28 7 26 4 17 19 21 18 12 
2 3 5 12 17 8 10 11 13 24 26 1 1 0 0 0 0 0 0 0 0 0 0 1 0 0 0 0 0 0 1 0 0 0 0 1 0 0 0 0 0 0 0 0 0 0 0 0 0 0 0 0 1 0 1 1 0 0 0 0 0 0 0 0 0 0 0 0 0 0 0 0 0 0 0 0 0 0 0 0 0 1 0 0 0 0 0 0 0 0 0 0 1 0 1 0 0 2 16 14 20 13 23 10 4 28 3 18 15 22 8 25 11 6 24 5 19 17 23 10 20 13 7 26 5 3 2 25 11 22 8 9 27 12 21 15 4 28 7 26 16 17 17 19 14 9 27 6 24 21 15 8 25 11 22 24 6 2 12 21 10 20 13 23 26 7 3 14 16 11 22 8 25 27 9 5 15 18 13 23 10 20 28 4 5 3 2 24 9 27 6 12 18 16 17 19 26 4 28 7 14 19 18 12 21 
2 3 5 12 17 8 10 11 13 24 28 1 1 0 0 0 0 0 0 0 0 0 0 1 0 0 0 0 0 0 1 0 0 0 0 1 0 0 0 0 0 0 0 0 0 0 0 0 0 0 0 0 1 0 1 1 0 0 0 0 0 0 0 0 0 0 0 0 0 0 0 0 0 0 0 0 0 0 0 0 0 1 0 0 0 0 0 0 0 0 0 0 1 0 0 0 1 2 16 14 20 13 23 10 4 26 3 18 15 22 8 25 11 6 27 5 19 17 23 10 20 13 7 28 5 3 2 25 11 22 8 9 24 12 21 15 4 28 7 26 16 14 17 19 14 9 27 6 24 21 12 8 25 11 22 24 6 2 12 18 10 20 13 23 26 7 3 14 19 11 22 8 25 27 9 5 15 21 13 23 10 20 28 4 5 3 2 24 9 27 6 12 18 16 17 19 28 7 26 4 17 16 21 15 18 
2 3 5 12 17 8 11 13 10 27 28 1 1 0 0 0 0 0 0 0 0 0 0 1 0 0 0 0 0 0 1 0 0 0 0 1 0 0 0 0 0 0 0 0 0 0 0 0 0 0 0 0 1 0 0 1 0 1 0 0 0 0 0 0 0 0 0 0 0 0 0 0 0 0 0 0 0 0 1 0 0 0 0 0 0 0 0 0 0 0 0 0 0 0 0 1 1 2 16 14 20 23 10 13 7 26 3 18 15 22 25 11 8 9 27 5 19 17 23 20 13 10 4 28 5 3 2 25 22 8 11 6 24 12 21 15 4 7 26 28 19 14 17 19 14 9 6 24 27 18 12 8 25 11 22 24 6 5 15 18 11 22 8 25 27 9 2 12 21 13 23 10 20 28 4 3 14 16 10 20 13 23 26 7 2 5 3 27 6 24 9 15 21 19 16 17 28 7 26 4 17 16 21 18 12 
2 3 5 12 22 7 25 26 19 20 21 1 1 0 0 0 0 0 0 0 0 0 0 1 0 0 0 0 0 0 1 0 0 0 0 0 0 0 0 0 1 0 0 0 0 0 0 0 0 0 0 1 0 0 0 0 0 0 0 0 0 0 0 0 0 0 0 0 0 1 1 0 0 0 0 0 0 0 0 0 0 0 0 0 0 0 0 1 1 1 0 0 0 0 0 0 0 2 16 25 27 22 28 15 8 18 3 18 20 28 23 24 17 10 19 5 19 22 24 25 26 12 11 21 5 3 2 26 20 27 14 13 16 12 21 15 11 10 17 27 20 6 22 8 25 21 3 4 9 2 27 7 26 4 28 23 18 16 15 17 25 11 22 8 13 3 6 5 24 26 4 28 7 14 24 13 6 23 19 14 16 17 7 6 12 9 10 20 13 23 10 8 5 19 2 9 21 15 18 12 9 7 14 4 11 
2 3 5 12 22 7 25 28 16 21 23 1 1 0 0 0 0 0 0 0 0 0 0 1 0 0 0 0 0 0 1 0 0 0 0 0 0 0 0 0 1 0 0 0 0 0 0 0 0 0 0 1 0 0 0 0 0 0 0 0 0 0 0 0 0 0 0 0 0 1 0 0 1 0 0 0 0 0 0 0 0 0 0 0 1 0 0 0 0 1 0 1 0 0 0 0 0 2 16 25 27 22 26 12 18 11 3 18 20 28 23 27 14 19 13 5 19 22 24 25 28 15 21 8 5 3 2 26 20 24 17 16 10 12 21 15 11 10 14 24 6 23 22 8 25 21 3 7 6 27 5 7 26 4 28 23 18 19 17 12 25 11 22 8 13 3 9 24 2 28 7 26 4 17 27 13 20 6 16 17 19 14 4 9 15 6 10 21 15 18 12 9 7 14 4 8 23 10 20 13 11 2 16 5 9 
2 3 5 12 25 7 22 28 19 20 21 1 1 0 0 0 0 0 0 0 0 0 0 1 0 0 0 0 0 0 1 0 0 0 0 0 0 0 0 0 0 0 0 1 0 0 0 0 0 0 0 1 0 0 0 0 0 0 0 0 0 0 0 0 0 0 1 0 0 0 0 0 1 0 0 0 0 0 0 0 0 0 0 0 0 0 0 1 1 1 0 0 0 0 0 0 0 2 16 22 27 25 26 15 8 18 3 18 23 28 20 27 17 10 19 5 19 25 24 22 28 12 11 21 5 3 2 26 23 24 14 13 16 12 21 15 11 13 14 27 20 6 25 11 22 18 3 4 6 5 24 7 26 4 28 23 21 16 15 17 22 8 25 11 10 3 9 2 27 28 7 26 4 17 24 10 9 20 19 14 16 17 7 9 12 6 13 20 13 23 10 8 2 19 5 6 21 15 18 12 9 4 14 7 8 
2 3 5 13 14 6 21 26 8 11 17 1 1 0 0 0 0 0 0 0 0 0 0 1 0 0 0 0 0 0 0 1 1 0 0 0 0 0 0 0 0 0 0 0 0 0 0 0 0 0 1 0 0 0 0 0 0 0 0 0 0 0 0 0 0 1 0 0 0 0 1 0 0 0 0 0 1 0 0 1 0 0 0 0 0 1 0 0 0 0 0 0 0 0 0 0 0 2 10 17 9 18 28 20 23 14 3 11 12 4 19 24 22 25 15 5 13 14 6 21 26 23 20 17 5 3 2 7 16 27 25 22 12 13 23 10 27 8 19 5 2 4 14 16 17 20 7 12 6 9 3 6 24 9 27 7 8 26 28 11 21 15 18 12 20 27 13 10 24 26 4 28 7 15 16 18 21 19 8 25 11 22 2 9 28 10 21 11 22 8 25 5 6 26 13 18 17 19 14 16 24 3 23 4 15 
2 3 5 13 14 10 24 27 21 22 28 1 1 0 0 0 0 0 0 0 0 0 0 1 0 0 0 0 0 0 0 1 1 0 0 0 0 0 0 0 0 0 0 0 0 0 0 0 0 0 0 0 0 0 1 0 0 0 0 0 0 0 0 0 0 0 0 0 1 0 0 1 0 0 0 0 0 0 0 0 0 0 0 0 0 0 0 0 0 1 1 0 0 0 0 0 1 2 10 17 13 4 7 18 25 26 3 11 12 8 6 9 19 20 27 5 13 14 10 7 4 21 22 28 5 3 2 11 9 6 16 23 24 13 23 10 3 17 14 8 15 16 14 16 17 24 18 21 7 8 15 10 20 13 23 3 4 11 12 19 24 9 27 6 14 21 22 28 2 27 6 24 9 17 18 25 26 5 21 15 18 12 20 27 23 25 22 22 8 25 11 19 20 16 26 28 28 7 26 4 12 19 15 5 2 
2 3 5 13 16 6 10 24 11 12 14 1 1 0 0 0 0 0 0 0 0 0 0 1 0 0 0 0 0 0 0 1 0 0 1 0 0 0 0 0 0 0 0 0 0 0 0 0 0 0 1 0 0 0 1 0 0 0 0 0 0 0 0 0 0 0 0 0 1 0 0 0 0 0 0 0 0 0 0 1 1 0 1 0 0 0 0 0 0 0 0 0 0 0 0 0 0 2 10 12 9 13 4 23 16 17 3 11 14 4 8 6 25 18 12 5 13 15 6 10 7 20 19 14 5 3 2 7 11 9 22 21 15 13 23 10 27 3 17 2 28 7 16 17 19 21 25 20 11 4 28 6 24 9 27 7 18 28 22 8 10 20 13 23 3 22 5 26 4 24 9 27 6 14 8 19 12 21 11 22 8 25 5 23 26 2 15 12 21 15 18 26 24 25 28 16 14 16 17 19 27 26 20 24 18 
2 3 5 13 16 8 14 15 9 10 24 1 1 0 0 0 0 0 0 0 0 0 0 1 0 0 0 0 0 0 0 1 0 0 1 0 0 0 0 0 0 0 0 0 0 0 0 0 0 0 0 0 1 0 0 0 0 0 1 1 0 0 0 0 0 0 0 0 0 0 0 0 0 0 0 0 0 1 1 0 0 0 0 0 0 0 0 0 0 0 0 0 1 0 0 0 0 2 10 12 20 17 19 6 13 4 3 11 14 22 12 21 7 8 6 5 13 15 23 14 16 9 10 7 5 3 2 25 15 18 4 11 9 13 23 10 5 7 26 24 3 17 16 17 19 8 28 7 18 25 20 8 25 11 22 2 20 26 5 12 14 16 17 19 27 26 23 24 18 15 18 12 21 28 27 25 26 19 9 27 6 24 4 21 28 11 22 10 20 13 23 3 22 2 4 28 24 9 27 6 14 8 16 21 15 
2 3 5 13 16 8 15 17 9 10 27 1 1 0 0 0 0 0 0 0 0 0 0 1 0 0 0 0 0 0 0 1 0 0 1 0 0 0 0 0 0 0 0 0 0 0 0 0 0 0 0 0 1 0 0 0 0 0 0 1 0 1 0 0 0 0 0 0 0 0 0 0 0 0 0 0 0 1 1 0 0 0 0 0 0 0 0 0 0 0 0 0 0 0 0 1 0 2 10 12 20 19 14 6 13 7 3 11 14 22 21 15 7 8 9 5 13 15 23 16 17 9 10 4 5 3 2 25 18 12 4 11 6 13 23 10 5 26 4 24 3 14 16 17 19 8 7 26 18 25 23 8 25 11 22 2 20 26 5 15 15 18 12 21 28 27 25 26 16 17 19 14 16 24 28 20 27 18 9 27 6 24 4 21 28 22 8 10 20 13 23 3 22 2 28 7 27 6 24 9 17 11 19 12 21 
2 3 5 13 17 8 11 14 9 21 28 1 1 0 0 0 0 0 0 0 0 0 0 1 0 0 0 0 0 0 0 1 0 0 0 1 0 0 0 0 0 0 0 0 0 0 0 0 0 0 0 0 1 0 0 1 0 0 1 0 0 0 0 0 0 0 0 0 0 0 0 0 0 0 0 0 0 1 0 0 0 0 0 0 0 0 0 0 0 1 0 0 0 0 0 0 1 2 10 14 20 23 17 6 18 26 3 11 15 22 25 12 7 19 27 5 13 17 23 20 14 9 21 28 5 3 2 25 22 15 4 16 24 13 23 10 5 2 7 24 8 16 17 19 14 9 6 3 20 4 12 8 25 11 22 2 6 26 10 18 11 22 8 25 5 9 28 13 21 14 16 17 19 27 3 23 7 15 9 27 6 24 4 8 28 26 11 21 15 18 12 20 24 13 10 27 28 7 26 4 12 16 21 18 19 
2 3 5 13 17 10 24 27 21 25 28 1 1 0 0 0 0 0 0 0 0 0 0 1 0 0 0 0 0 0 0 1 0 0 0 1 0 0 0 0 0 0 0 0 0 0 0 0 0 0 0 0 0 0 1 0 0 0 0 0 0 0 0 0 0 0 0 0 1 0 0 1 0 0 0 0 0 0 0 0 0 0 0 0 0 0 0 0 0 1 0 0 0 1 0 0 1 2 10 14 13 4 7 18 22 26 3 11 15 8 6 9 19 23 27 5 13 17 10 7 4 21 25 28 5 3 2 11 9 6 16 20 24 13 23 10 3 17 14 8 12 16 17 19 14 27 21 18 4 8 12 10 20 13 23 3 7 11 15 19 24 9 27 6 14 18 22 26 2 27 6 24 9 17 21 25 28 5 21 15 18 12 20 24 23 25 22 25 11 22 8 16 20 19 28 26 28 7 26 4 12 16 15 5 2 
2 3 5 13 19 6 10 27 8 14 15 1 1 0 0 0 0 0 0 0 0 0 0 1 0 0 0 0 0 0 0 1 0 0 0 0 0 1 0 0 0 0 0 0 0 0 0 0 0 0 1 0 0 0 1 0 0 0 0 0 0 0 0 0 0 0 0 0 0 0 0 1 0 0 0 0 1 0 0 0 0 0 1 1 0 0 0 0 0 0 0 0 0 0 0 0 0 2 10 15 9 13 7 20 17 19 3 11 17 4 8 9 22 12 21 5 13 12 6 10 4 23 14 16 5 3 2 7 11 6 25 15 18 13 23 10 27 3 14 5 7 26 19 14 16 18 22 20 11 26 4 6 24 9 27 7 21 26 8 25 10 20 13 23 3 25 2 4 28 27 6 24 9 17 8 19 18 12 8 25 11 22 2 23 28 5 15 14 16 17 19 27 28 20 24 21 15 18 12 21 28 24 22 26 16 
2 3 5 13 19 9 10 24 11 12 17 1 1 0 0 0 0 0 0 0 0 0 0 1 0 0 0 0 0 0 0 1 0 0 0 0 0 1 0 0 0 0 0 0 0 0 0 0 0 0 0 0 0 1 1 0 0 0 0 0 0 0 0 0 0 0 0 0 1 0 0 0 0 0 0 0 0 0 0 1 1 0 0 0 0 1 0 0 0 0 0 0 0 0 0 0 0 2 10 15 6 13 4 23 16 14 3 11 17 7 8 6 25 18 15 5 13 12 9 10 7 20 19 17 5 3 2 4 11 9 22 21 12 13 23 10 24 3 17 2 28 4 19 14 16 21 22 23 8 7 28 9 27 6 24 4 18 26 25 8 10 20 13 23 3 25 5 26 7 24 9 27 6 14 11 19 12 18 11 22 8 25 5 20 28 2 15 12 21 15 18 26 27 22 28 16 17 19 14 16 24 26 20 27 21 
2 3 5 13 19 9 10 27 11 12 14 1 1 0 0 0 0 0 0 0 0 0 0 1 0 0 0 0 0 0 0 1 0 0 0 0 0 1 0 0 0 0 0 0 0 0 0 0 0 0 0 0 0 1 1 0 0 0 0 0 0 0 0 0 0 0 0 0 0 0 0 1 0 0 0 0 0 0 0 1 1 0 1 0 0 0 0 0 0 0 0 0 0 0 0 0 0 2 10 15 6 13 7 23 16 17 3 11 17 7 8 9 25 18 12 5 13 12 9 10 4 20 19 14 5 3 2 4 11 6 22 21 15 13 23 10 24 3 14 2 28 7 19 14 16 21 22 20 8 7 26 9 27 6 24 4 18 26 25 11 10 20 13 23 3 25 5 26 4 27 6 24 9 17 8 16 15 18 11 22 8 25 5 20 28 2 12 12 21 15 18 26 27 22 28 19 14 16 17 19 27 28 23 24 21 
2 3 5 13 26 6 21 22 16 19 28 1 1 0 0 0 0 0 0 0 0 0 0 1 0 0 0 0 0 0 0 1 0 0 0 0 0 0 0 0 0 0 0 0 1 0 0 0 0 0 1 0 0 0 0 0 0 0 0 0 0 0 0 0 0 1 1 0 0 0 0 0 0 0 0 0 0 0 0 0 0 0 0 0 1 0 0 1 0 0 0 0 0 0 0 0 1 2 10 28 9 18 25 12 15 26 3 11 24 4 19 20 14 17 27 5 13 26 6 21 22 15 12 28 5 3 2 7 16 23 17 14 24 13 23 10 27 8 15 25 22 16 26 4 28 8 23 24 10 13 3 6 24 9 27 7 20 18 21 23 21 15 18 12 20 11 5 2 8 22 8 25 11 19 4 6 9 7 16 17 19 14 22 13 21 2 9 19 14 16 17 25 10 18 5 6 28 7 26 4 12 3 11 20 27 
2 3 5 13 26 10 24 27 17 18 25 1 1 0 0 0 0 0 0 0 0 0 0 1 0 0 0 0 0 0 0 1 0 0 0 0 0 0 0 0 0 0 0 0 1 0 0 0 0 0 0 0 0 0 1 0 0 0 0 0 0 0 0 0 0 0 0 0 1 0 0 1 0 0 0 0 0 0 0 0 0 0 0 0 0 1 1 0 0 0 0 0 0 1 0 0 0 2 10 28 13 4 7 14 21 22 3 11 24 8 6 9 15 16 23 5 13 26 10 7 4 17 18 25 5 3 2 11 9 6 12 19 20 13 23 10 3 17 14 4 11 12 26 4 28 12 2 5 19 20 27 10 20 13 23 3 16 7 8 15 24 9 27 6 14 5 18 25 26 27 6 24 9 17 2 21 22 28 17 19 14 16 24 15 27 21 18 18 12 21 15 23 8 20 22 25 25 11 22 8 16 7 19 28 26 
2 3 5 13 28 9 21 25 16 19 26 1 1 0 0 0 0 0 0 0 0 0 0 1 0 0 0 0 0 0 0 1 0 0 0 0 0 0 0 0 0 0 0 0 0 0 1 0 0 0 0 0 0 1 0 0 0 0 0 0 0 0 0 0 0 1 0 0 0 1 0 0 0 0 0 0 0 0 0 0 0 0 0 0 1 0 0 1 0 0 0 0 0 0 1 0 0 2 10 26 6 18 22 12 15 28 3 11 27 7 19 23 14 17 24 5 13 28 9 21 25 15 12 26 5 3 2 4 16 20 17 14 27 13 23 10 24 8 12 25 22 19 28 7 26 8 20 24 13 10 3 9 27 6 24 4 20 21 18 23 21 15 18 12 20 8 5 2 11 25 11 22 8 16 4 9 6 7 16 17 19 14 22 10 18 2 6 19 14 16 17 25 13 21 5 9 26 4 28 7 15 3 11 23 27 
2 3 5 13 28 10 24 27 17 21 25 1 1 0 0 0 0 0 0 0 0 0 0 1 0 0 0 0 0 0 0 1 0 0 0 0 0 0 0 0 0 0 0 0 0 0 1 0 0 0 0 0 0 0 1 0 0 0 0 0 0 0 0 0 0 0 0 0 1 0 0 1 0 0 0 0 0 0 0 0 0 0 0 0 0 1 0 0 0 1 0 0 0 1 0 0 0 2 10 26 13 4 7 14 18 22 3 11 27 8 6 9 15 19 23 5 13 28 10 7 4 17 21 25 5 3 2 11 9 6 12 16 20 13 23 10 3 17 14 4 8 12 28 7 26 15 5 2 16 20 24 10 20 13 23 3 19 7 11 15 24 9 27 6 14 2 18 22 26 27 6 24 9 17 5 21 25 28 17 19 14 16 24 12 27 21 18 21 15 18 12 20 8 23 25 22 25 11 22 8 16 4 19 28 26 
2 3 5 14 15 8 10 11 13 27 28 1 1 0 0 0 0 0 0 0 0 0 0 1 0 0 0 0 0 0 0 0 1 1 0 0 0 0 0 0 0 0 0 0 0 0 0 0 0 0 0 0 1 0 1 1 0 0 0 0 0 0 0 0 0 0 0 0 0 0 0 0 0 0 0 0 0 0 0 0 0 1 0 0 0 0 0 0 0 0 0 0 0 0 0 1 1 2 17 19 20 13 23 10 7 26 3 12 21 22 8 25 11 9 27 5 14 16 23 10 20 13 4 28 5 3 2 25 11 22 8 6 24 14 16 17 6 24 9 27 21 15 15 18 12 7 26 4 28 16 17 8 25 11 22 9 27 2 15 18 10 20 13 23 4 28 3 17 19 11 22 8 25 6 24 5 12 21 13 23 10 20 7 26 5 3 2 27 6 24 9 18 12 19 14 16 28 7 26 4 19 14 21 15 18 
2 3 5 14 15 8 11 13 10 24 26 1 1 0 0 0 0 0 0 0 0 0 0 1 0 0 0 0 0 0 0 0 1 1 0 0 0 0 0 0 0 0 0 0 0 0 0 0 0 0 0 0 1 0 0 1 0 1 0 0 0 0 0 0 0 0 0 0 0 0 0 0 0 0 0 0 0 0 1 0 0 0 0 0 0 0 0 0 0 0 0 0 1 0 1 0 0 2 17 19 20 23 10 13 4 28 3 12 21 22 25 11 8 6 24 5 14 16 23 20 13 10 7 26 5 3 2 25 22 8 11 9 27 14 16 17 6 9 27 24 18 12 15 18 12 7 4 28 26 19 14 8 25 11 22 9 27 5 12 21 11 22 8 25 6 24 2 15 18 13 23 10 20 7 26 3 17 19 10 20 13 23 4 28 2 5 3 24 9 27 6 21 15 16 19 14 26 4 28 7 16 17 18 21 15 
2 3 5 14 15 8 11 13 10 24 28 1 1 0 0 0 0 0 0 0 0 0 0 1 0 0 0 0 0 0 0 0 1 1 0 0 0 0 0 0 0 0 0 0 0 0 0 0 0 0 0 0 1 0 0 1 0 1 0 0 0 0 0 0 0 0 0 0 0 0 0 0 0 0 0 0 0 0 1 0 0 0 0 0 0 0 0 0 0 0 0 0 1 0 0 0 1 2 17 19 20 23 10 13 4 26 3 12 21 22 25 11 8 6 27 5 14 16 23 20 13 10 7 28 5 3 2 25 22 8 11 9 24 14 16 17 6 9 27 24 18 15 15 18 12 7 4 28 26 19 17 8 25 11 22 9 27 5 12 18 11 22 8 25 6 24 2 15 21 13 23 10 20 7 26 3 17 16 10 20 13 23 4 28 2 5 3 24 9 27 6 21 15 16 19 14 28 7 26 4 19 14 21 18 12 
2 3 5 14 17 8 10 11 13 26 28 1 1 0 0 0 0 0 0 0 0 0 0 1 0 0 0 0 0 0 0 0 1 0 0 1 0 0 0 0 0 0 0 0 0 0 0 0 0 0 0 0 1 0 1 1 0 0 0 0 0 0 0 0 0 0 0 0 0 0 0 0 0 0 0 0 0 0 0 0 0 1 0 0 0 0 0 0 0 0 0 0 0 0 1 0 1 2 17 14 20 13 23 10 28 26 3 12 15 22 8 25 11 24 27 5 14 17 23 10 20 13 26 28 5 3 2 25 11 22 8 27 24 14 16 17 6 24 9 27 12 15 17 19 14 9 27 6 24 15 12 8 25 11 22 9 6 2 21 18 10 20 13 23 4 7 3 16 19 11 22 8 25 6 9 5 18 21 13 23 10 20 7 4 5 3 2 26 4 28 7 16 19 18 12 21 28 7 26 4 19 16 21 15 18 
2 3 5 14 17 8 11 13 10 26 28 1 1 0 0 0 0 0 0 0 0 0 0 1 0 0 0 0 0 0 0 0 1 0 0 1 0 0 0 0 0 0 0 0 0 0 0 0 0 0 0 0 1 0 0 1 0 1 0 0 0 0 0 0 0 0 0 0 0 0 0 0 0 0 0 0 0 0 1 0 0 0 0 0 0 0 0 0 0 0 0 0 0 0 1 0 1 2 17 14 20 23 10 13 28 26 3 12 15 22 25 11 8 24 27 5 14 17 23 20 13 10 26 28 5 3 2 25 22 8 11 27 24 14 16 17 6 9 27 24 12 15 17 19 14 9 6 24 27 15 12 8 25 11 22 9 6 5 21 18 11 22 8 25 6 9 2 18 21 13 23 10 20 7 4 3 19 16 10 20 13 23 4 7 2 5 3 26 4 28 7 16 19 18 21 15 28 7 26 4 19 16 21 18 12 
2 3 5 14 24 7 9 12 11 17 22 1 1 0 0 0 0 0 0 0 0 0 0 1 0 0 0 0 0 0 0 0 1 0 0 0 0 0 0 0 0 0 1 0 0 0 0 0 0 0 0 1 0 1 0 0 1 0 0 0 0 0 0 0 0 0 0 0 0 0 0 0 0 0 0 0 0 0 0 1 0 0 0 0 0 1 0 0 0 0 1 0 0 0 0 0 0 2 17 4 27 6 16 23 14 25 3 12 6 28 7 18 25 15 20 5 14 7 24 9 19 20 17 22 5 3 2 26 4 21 22 12 23 14 16 17 13 23 2 9 3 8 24 9 27 23 10 12 19 18 28 7 26 4 28 10 11 24 13 18 9 27 6 24 11 13 26 8 19 12 21 15 18 5 16 7 2 13 11 22 8 25 6 15 4 28 27 17 19 14 16 3 21 10 20 5 22 8 25 11 20 26 21 15 10 
2 3 5 14 27 6 7 12 11 17 25 1 1 0 0 0 0 0 0 0 0 0 0 1 0 0 0 0 0 0 0 0 1 0 0 0 0 0 0 0 0 0 0 0 0 1 0 0 0 0 1 1 0 0 0 0 1 0 0 0 0 0 0 0 0 0 0 0 0 0 0 0 0 0 0 0 0 0 0 1 0 0 0 0 0 1 0 0 0 0 0 0 0 1 0 0 0 2 17 7 9 27 16 23 14 22 3 12 9 4 28 18 25 15 23 5 14 4 6 24 19 20 17 25 5 3 2 7 26 21 22 12 20 14 16 17 20 13 2 9 3 11 27 6 24 10 20 15 16 21 28 6 24 9 27 8 13 28 11 19 7 26 4 28 10 8 24 13 21 12 21 15 18 5 19 7 2 10 11 22 8 25 6 12 26 4 27 17 19 14 16 3 18 23 10 5 25 11 22 8 23 26 15 18 13 
2 3 5 14 27 7 9 12 8 17 25 1 1 0 0 0 0 0 0 0 0 0 0 1 0 0 0 0 0 0 0 0 1 0 0 0 0 0 0 0 0 0 0 0 0 1 0 0 0 0 0 1 0 1 0 0 1 0 0 0 0 0 0 0 0 0 0 0 0 0 0 0 0 0 0 0 1 0 0 0 0 0 0 0 0 1 0 0 0 0 0 0 0 1 0 0 0 2 17 7 27 6 16 20 14 22 3 12 9 28 7 18 22 15 23 5 14 4 24 9 19 23 17 25 5 3 2 26 4 21 25 12 20 14 16 17 13 23 2 6 3 11 27 6 24 20 13 15 19 21 28 7 26 4 28 10 8 27 13 21 9 27 6 24 11 10 28 8 16 12 21 15 18 5 19 4 2 10 8 25 11 22 9 15 7 26 24 17 19 14 16 3 18 10 20 5 25 11 22 8 23 26 18 12 13 
2 3 5 15 17 8 10 11 13 26 27 1 1 0 0 0 0 0 0 0 0 0 0 1 0 0 0 0 0 0 0 0 0 1 0 1 0 0 0 0 0 0 0 0 0 0 0 0 0 0 0 0 1 0 1 1 0 0 0 0 0 0 0 0 0 0 0 0 0 0 0 0 0 0 0 0 0 0 0 0 0 1 0 0 0 0 0 0 0 0 0 0 0 0 1 1 0 2 19 14 20 13 23 10 28 7 3 21 15 22 8 25 11 24 9 5 16 17 23 10 20 13 26 4 5 3 2 25 11 22 8 27 6 15 18 12 7 26 4 28 14 16 17 19 14 9 27 6 24 15 18 8 25 11 22 27 6 2 21 15 10 20 13 23 28 7 3 16 17 11 22 8 25 24 9 5 18 12 13 23 10 20 26 4 5 3 2 26 4 28 7 17 19 18 12 21 27 6 24 9 12 21 19 14 16 
2 3 5 15 17 8 10 11 13 27 28 1 1 0 0 0 0 0 0 0 0 0 0 1 0 0 0 0 0 0 0 0 0 1 0 1 0 0 0 0 0 0 0 0 0 0 0 0 0 0 0 0 1 0 1 1 0 0 0 0 0 0 0 0 0 0 0 0 0 0 0 0 0 0 0 0 0 0 0 0 0 1 0 0 0 0 0 0 0 0 0 0 0 0 0 1 1 2 19 14 20 13 23 10 7 26 3 21 15 22 8 25 11 9 27 5 16 17 23 10 20 13 4 28 5 3 2 25 11 22 8 6 24 15 18 12 7 26 4 28 16 17 17 19 14 9 27 6 24 18 12 8 25 11 22 27 6 2 15 18 10 20 13 23 28 7 3 17 19 11 22 8 25 24 9 5 12 21 13 23 10 20 26 4 5 3 2 27 6 24 9 12 21 19 14 16 28 7 26 4 14 16 21 15 18 
2 3 5 15 17 8 11 13 10 24 28 1 1 0 0 0 0 0 0 0 0 0 0 1 0 0 0 0 0 0 0 0 0 1 0 1 0 0 0 0 0 0 0 0 0 0 0 0 0 0 0 0 1 0 0 1 0 1 0 0 0 0 0 0 0 0 0 0 0 0 0 0 0 0 0 0 0 0 1 0 0 0 0 0 0 0 0 0 0 0 0 0 1 0 0 0 1 2 19 14 20 23 10 13 4 26 3 21 15 22 25 11 8 6 27 5 16 17 23 20 13 10 7 28 5 3 2 25 22 8 11 9 24 15 18 12 7 4 28 26 19 17 17 19 14 9 6 24 27 21 12 8 25 11 22 27 6 5 12 18 11 22 8 25 24 9 2 15 21 13 23 10 20 26 4 3 17 16 10 20 13 23 28 7 2 5 3 24 9 27 6 15 18 16 19 14 28 7 26 4 14 16 21 18 12 
2 3 5 15 22 7 25 28 18 19 20 1 1 0 0 0 0 0 0 0 0 0 0 1 0 0 0 0 0 0 0 0 0 1 0 0 0 0 0 0 1 0 0 0 0 0 0 0 0 0 0 1 0 0 0 0 0 0 0 0 0 0 0 0 0 0 0 0 0 1 0 0 1 0 0 0 0 0 0 0 0 0 0 0 0 0 1 1 1 0 0 0 0 0 0 0 0 2 19 25 27 22 26 21 15 8 3 21 20 28 23 27 16 17 10 5 16 22 24 25 28 18 12 11 5 3 2 26 20 24 19 14 13 15 18 12 8 13 17 6 24 23 22 8 25 21 3 7 24 9 2 7 26 4 28 20 18 14 16 15 25 11 22 8 10 3 27 6 5 28 7 26 4 14 27 23 10 9 18 12 21 15 9 4 17 7 11 19 14 16 17 4 6 12 9 13 20 13 23 10 11 5 19 2 6 
2 3 5 15 25 7 22 26 18 19 20 1 1 0 0 0 0 0 0 0 0 0 0 1 0 0 0 0 0 0 0 0 0 1 0 0 0 0 0 0 0 0 0 1 0 0 0 0 0 0 0 1 0 0 0 0 0 0 0 0 0 0 0 0 0 0 1 0 0 0 1 0 0 0 0 0 0 0 0 0 0 0 0 0 0 0 1 1 1 0 0 0 0 0 0 0 0 2 19 22 27 25 28 21 15 8 3 21 23 28 20 24 16 17 10 5 16 25 24 22 26 18 12 11 5 3 2 26 23 27 19 14 13 15 18 12 8 10 14 6 24 23 25 11 22 18 3 7 27 6 5 7 26 4 28 20 21 14 16 15 22 8 25 11 13 3 24 9 2 26 4 28 7 17 27 20 13 6 18 12 21 15 9 7 17 4 8 19 14 16 17 4 9 12 6 10 20 13 23 10 11 2 19 5 9 
2 3 5 15 25 7 22 28 16 18 23 1 1 0 0 0 0 0 0 0 0 0 0 1 0 0 0 0 0 0 0 0 0 1 0 0 0 0 0 0 0 0 0 1 0 0 0 0 0 0 0 1 0 0 0 0 0 0 0 0 0 0 0 0 0 0 1 0 0 0 0 0 1 0 0 0 0 0 0 0 0 0 0 0 1 0 1 0 0 0 0 1 0 0 0 0 0 2 19 22 27 25 26 12 21 11 3 21 23 28 20 27 14 16 13 5 16 25 24 22 28 15 18 8 5 3 2 26 23 24 17 19 10 15 18 12 8 10 17 27 6 20 25 11 22 18 3 4 9 27 2 7 26 4 28 20 21 19 14 12 22 8 25 11 13 3 6 24 5 28 7 26 4 14 24 13 23 6 16 17 19 14 7 6 15 9 10 18 12 21 15 9 7 17 4 11 23 10 20 13 8 5 16 2 9 
2 3 5 16 18 6 7 22 20 23 25 1 1 0 0 0 0 0 0 0 0 0 0 1 0 0 0 0 0 0 0 0 0 0 1 0 1 0 0 0 0 0 0 0 0 0 0 0 0 0 1 1 0 0 0 0 0 0 0 0 0 0 0 0 0 0 1 0 0 0 0 0 0 0 0 0 0 0 0 0 0 0 0 0 0 0 0 0 1 0 0 1 0 1 0 0 0 2 12 21 9 27 25 8 11 22 3 14 16 4 28 20 10 13 23 5 15 18 6 24 22 11 8 25 5 3 2 7 26 23 13 10 20 16 17 19 21 15 9 24 27 6 18 12 21 16 17 4 26 28 7 6 24 9 27 18 12 14 17 19 7 26 4 28 19 14 15 12 21 22 8 25 11 6 24 2 5 3 20 13 23 10 4 28 17 19 5 23 10 20 13 7 26 14 16 2 25 11 22 8 9 27 15 18 3 
2 3 5 16 18 7 9 22 20 23 25 1 1 0 0 0 0 0 0 0 0 0 0 1 0 0 0 0 0 0 0 0 0 0 1 0 1 0 0 0 0 0 0 0 0 0 0 0 0 0 0 1 0 1 0 0 0 0 0 0 0 0 0 0 0 0 1 0 0 0 0 0 0 0 0 0 0 0 0 0 0 0 0 0 0 0 0 0 1 0 0 1 0 1 0 0 0 2 12 21 27 6 25 8 11 22 3 14 16 28 7 20 10 13 23 5 15 18 24 9 22 11 8 25 5 3 2 26 4 23 13 10 20 16 17 19 15 18 9 24 27 6 18 12 21 17 19 4 26 28 7 7 26 4 28 19 14 15 12 21 9 27 6 24 21 15 17 14 16 22 8 25 11 6 24 2 5 3 20 13 23 10 4 28 19 14 5 23 10 20 13 7 26 16 17 2 25 11 22 8 9 27 18 12 3 
2 3 5 16 21 7 9 22 20 23 25 1 1 0 0 0 0 0 0 0 0 0 0 1 0 0 0 0 0 0 0 0 0 0 1 0 0 0 0 1 0 0 0 0 0 0 0 0 0 0 0 1 0 1 0 0 0 0 0 0 0 0 0 0 0 0 1 0 0 0 0 0 0 0 0 0 0 0 0 0 0 0 0 0 0 0 0 0 1 0 0 1 0 1 0 0 0 2 12 18 27 6 25 8 11 22 3 14 19 28 7 20 10 13 23 5 15 21 24 9 22 11 8 25 5 3 2 26 4 23 13 10 20 16 17 19 15 18 9 24 27 6 21 15 18 14 16 7 28 26 4 7 26 4 28 19 17 15 12 21 9 27 6 24 21 12 17 14 16 22 8 25 11 6 27 2 5 3 20 13 23 10 4 26 19 14 5 23 10 20 13 7 28 16 17 2 25 11 22 8 9 24 18 12 3 
2 3 5 17 24 6 7 12 8 14 25 1 1 0 0 0 0 0 0 0 0 0 0 1 0 0 0 0 0 0 0 0 0 0 0 1 0 0 0 0 0 0 1 0 0 0 0 0 0 0 1 1 0 0 0 0 1 0 0 0 0 0 0 0 0 0 0 0 0 0 0 0 0 0 0 0 1 0 0 0 0 0 1 0 0 0 0 0 0 0 0 0 0 1 0 0 0 2 14 4 9 27 16 20 17 22 3 15 6 4 28 18 22 12 23 5 17 7 6 24 19 23 14 25 5 3 2 7 26 21 25 15 20 17 19 14 23 10 5 9 3 8 24 9 27 13 23 12 16 21 26 6 24 9 27 11 10 26 8 19 7 26 4 28 13 11 27 10 21 12 21 15 18 2 16 4 5 10 8 25 11 22 6 12 28 7 24 14 16 17 19 3 18 20 13 2 25 11 22 8 20 28 15 18 13 
2 3 5 17 24 7 9 12 11 14 25 1 1 0 0 0 0 0 0 0 0 0 0 1 0 0 0 0 0 0 0 0 0 0 0 1 0 0 0 0 0 0 1 0 0 0 0 0 0 0 0 1 0 1 0 0 1 0 0 0 0 0 0 0 0 0 0 0 0 0 0 0 0 0 0 0 0 0 0 1 0 0 1 0 0 0 0 0 0 0 0 0 0 1 0 0 0 2 14 4 27 6 16 23 17 22 3 15 6 28 7 18 25 12 23 5 17 7 24 9 19 20 14 25 5 3 2 26 4 21 22 15 20 17 19 14 10 20 5 6 3 8 24 9 27 23 10 12 19 21 26 7 26 4 28 13 11 24 10 21 9 27 6 24 8 13 26 11 16 12 21 15 18 2 16 7 5 10 11 22 8 25 9 15 4 28 27 14 16 17 19 3 18 13 23 2 25 11 22 8 20 28 18 12 13 
2 3 5 17 27 6 7 12 11 14 22 1 1 0 0 0 0 0 0 0 0 0 0 1 0 0 0 0 0 0 0 0 0 0 0 1 0 0 0 0 0 0 0 0 0 1 0 0 0 0 1 1 0 0 0 0 1 0 0 0 0 0 0 0 0 0 0 0 0 0 0 0 0 0 0 0 0 0 0 1 0 0 1 0 0 0 0 0 0 0 1 0 0 0 0 0 0 2 14 7 9 27 16 23 17 25 3 15 9 4 28 18 25 12 20 5 17 4 6 24 19 20 14 22 5 3 2 7 26 21 22 15 23 17 19 14 23 10 5 6 3 11 27 6 24 10 20 15 16 18 26 6 24 9 27 11 13 28 8 16 7 26 4 28 13 8 24 10 18 12 21 15 18 2 19 7 5 13 11 22 8 25 9 12 26 4 27 14 16 17 19 3 21 20 13 2 22 8 25 11 23 28 12 21 10 
2 3 5 18 19 7 9 25 20 22 23 1 1 0 0 0 0 0 0 0 0 0 0 1 0 0 0 0 0 0 0 0 0 0 0 0 1 1 0 0 0 0 0 0 0 0 0 0 0 0 0 1 0 1 0 0 0 0 0 0 0 0 0 0 0 0 0 0 0 1 0 0 0 0 0 0 0 0 0 0 0 0 0 0 0 0 0 0 1 0 1 1 0 0 0 0 0 2 21 15 27 6 22 8 25 11 3 16 17 28 7 23 10 20 13 5 18 12 24 9 25 11 22 8 5 3 2 26 4 20 13 23 10 18 12 21 17 19 7 26 4 28 19 14 16 12 21 9 27 6 24 7 26 4 28 14 16 15 18 12 9 27 6 24 15 18 17 19 14 25 11 22 8 27 6 5 3 2 20 13 23 10 28 7 19 14 2 22 8 25 11 24 9 21 15 3 23 10 20 13 26 4 16 17 5 
2 3 5 18 21 6 9 22 20 23 25 1 1 0 0 0 0 0 0 0 0 0 0 1 0 0 0 0 0 0 0 0 0 0 0 0 1 0 0 1 0 0 0 0 0 0 0 0 0 0 1 0 0 1 0 0 0 0 0 0 0 0 0 0 0 0 1 0 0 0 0 0 0 0 0 0 0 0 0 0 0 0 0 0 0 0 0 0 1 0 0 1 0 1 0 0 0 2 21 18 9 6 25 8 11 22 3 16 19 4 7 20 10 13 23 5 18 21 6 9 22 11 8 25 5 3 2 7 4 23 13 10 20 18 12 21 16 19 4 26 28 7 21 15 18 19 16 7 28 26 4 6 24 9 27 12 15 14 17 19 9 27 6 24 15 12 17 14 16 22 8 25 11 24 27 2 5 3 20 13 23 10 28 26 17 14 5 23 10 20 13 26 28 14 17 2 25 11 22 8 27 24 15 12 3 
2 3 5 18 21 6 9 25 20 22 23 1 1 0 0 0 0 0 0 0 0 0 0 1 0 0 0 0 0 0 0 0 0 0 0 0 1 0 0 1 0 0 0 0 0 0 0 0 0 0 1 0 0 1 0 0 0 0 0 0 0 0 0 0 0 0 0 0 0 1 0 0 0 0 0 0 0 0 0 0 0 0 0 0 0 0 0 0 1 0 1 1 0 0 0 0 0 2 21 18 9 6 22 8 25 11 3 16 19 4 7 23 10 20 13 5 18 21 6 9 25 11 22 8 5 3 2 7 4 20 13 23 10 18 12 21 16 19 7 26 4 28 21 15 18 19 16 4 28 7 26 6 24 9 27 12 15 14 16 17 9 27 6 24 15 12 17 19 14 25 11 22 8 27 24 5 3 2 20 13 23 10 28 26 17 14 2 22 8 25 11 24 27 12 15 3 23 10 20 13 26 28 14 17 5 
2 3 5 18 22 9 17 26 20 21 23 1 1 0 0 0 0 0 0 0 0 0 0 1 0 0 0 0 0 0 0 0 0 0 0 0 1 0 0 0 1 0 0 0 0 0 0 0 0 0 0 0 0 1 0 0 0 0 0 0 0 1 0 0 0 0 0 0 0 0 1 0 0 0 0 0 0 0 0 0 0 0 0 0 0 0 0 0 1 1 0 1 0 0 0 0 0 2 21 25 6 14 28 8 18 11 3 16 20 7 15 24 10 19 13 5 18 22 9 17 26 11 21 8 5 3 2 4 12 27 13 16 10 18 12 21 19 27 8 26 3 28 22 8 25 15 23 4 2 27 5 9 27 6 24 15 19 17 12 14 17 19 14 16 7 11 25 4 22 26 4 28 7 20 24 6 23 9 20 13 23 10 28 5 14 22 9 21 15 18 12 3 7 16 24 11 23 10 20 13 26 2 17 25 6 
2 3 5 18 25 6 17 26 20 21 23 1 1 0 0 0 0 0 0 0 0 0 0 1 0 0 0 0 0 0 0 0 0 0 0 0 1 0 0 0 0 0 0 1 0 0 0 0 0 0 1 0 0 0 0 0 0 0 0 0 0 1 0 0 0 0 0 0 0 0 1 0 0 0 0 0 0 0 0 0 0 0 0 0 0 0 0 0 1 1 0 1 0 0 0 0 0 2 21 22 9 14 28 8 18 11 3 16 23 4 15 24 10 19 13 5 18 25 6 17 26 11 21 8 5 3 2 7 12 27 13 16 10 18 12 21 16 27 8 26 3 28 25 11 22 15 20 7 5 24 2 6 24 9 27 12 19 14 15 17 17 19 14 16 7 8 25 4 22 26 4 28 7 20 27 6 23 9 20 13 23 10 28 2 17 22 9 21 15 18 12 3 4 19 24 11 23 10 20 13 26 5 14 25 6 
2 3 5 18 26 6 17 25 20 21 23 1 1 0 0 0 0 0 0 0 0 0 0 1 0 0 0 0 0 0 0 0 0 0 0 0 1 0 0 0 0 0 0 0 1 0 0 0 0 0 1 0 0 0 0 0 0 0 0 0 0 1 0 0 0 0 0 0 0 1 0 0 0 0 0 0 0 0 0 0 0 0 0 0 0 0 0 0 1 1 0 1 0 0 0 0 0 2 21 28 9 14 22 8 18 11 3 16 24 4 15 23 10 19 13 5 18 26 6 17 25 11 21 8 5 3 2 7 12 20 13 16 10 18 12 21 16 27 7 26 3 28 26 4 28 8 19 27 6 23 9 6 24 9 27 12 20 14 15 17 17 19 14 16 7 15 25 4 22 25 11 22 8 27 7 5 24 2 20 13 23 10 28 9 17 22 2 21 15 18 12 3 11 19 24 4 23 10 20 13 26 6 14 25 5 
2 3 5 18 26 9 10 25 16 19 28 1 1 0 0 0 0 0 0 0 0 0 0 1 0 0 0 0 0 0 0 0 0 0 0 0 1 0 0 0 0 0 0 0 1 0 0 0 0 0 0 0 0 1 1 0 0 0 0 0 0 0 0 0 0 0 0 0 0 1 0 0 0 0 0 0 0 0 0 0 0 0 0 0 1 0 0 1 0 0 0 0 0 0 0 0 1 2 21 28 6 13 22 12 15 26 3 16 24 7 8 23 14 17 27 5 18 26 9 10 25 15 12 28 5 3 2 4 11 20 17 14 24 18 12 21 19 20 7 2 5 11 26 4 28 11 12 27 10 13 3 9 27 6 24 15 23 21 18 20 10 20 13 23 8 16 22 25 19 25 11 22 8 27 7 9 6 4 16 17 19 14 5 13 18 25 6 19 14 16 17 2 10 21 22 9 28 7 26 4 23 3 8 15 24 
2 3 5 18 28 6 14 25 20 21 23 1 1 0 0 0 0 0 0 0 0 0 0 1 0 0 0 0 0 0 0 0 0 0 0 0 1 0 0 0 0 0 0 0 0 0 1 0 0 0 1 0 0 0 0 0 0 0 1 0 0 0 0 0 0 0 0 0 0 1 0 0 0 0 0 0 0 0 0 0 0 0 0 0 0 0 0 0 1 1 0 1 0 0 0 0 0 2 21 26 9 17 22 8 18 11 3 16 27 4 12 23 10 19 13 5 18 28 6 14 25 11 21 8 5 3 2 7 15 20 13 16 10 18 12 21 16 24 7 26 3 28 28 7 26 11 19 24 9 20 6 6 24 9 27 12 23 14 15 17 14 16 17 19 4 15 22 7 25 25 11 22 8 27 4 5 24 2 20 13 23 10 28 6 17 25 2 21 15 18 12 3 8 19 27 4 23 10 20 13 26 9 14 22 5 
2 3 5 18 28 9 13 22 16 19 26 1 1 0 0 0 0 0 0 0 0 0 0 1 0 0 0 0 0 0 0 0 0 0 0 0 1 0 0 0 0 0 0 0 0 0 1 0 0 0 0 0 0 1 0 0 0 1 0 0 0 0 0 0 0 0 1 0 0 0 0 0 0 0 0 0 0 0 0 0 0 0 0 0 1 0 0 1 0 0 0 0 0 0 1 0 0 2 21 26 6 10 25 12 15 28 3 16 27 7 11 20 14 17 24 5 18 28 9 13 22 15 12 26 5 3 2 4 8 23 17 14 27 18 12 21 19 23 4 2 5 8 28 7 26 8 12 27 13 10 3 9 27 6 24 15 20 21 18 23 13 23 10 20 11 16 25 22 19 22 8 25 11 24 7 6 9 4 16 17 19 14 5 10 18 22 9 19 14 16 17 2 13 21 25 6 26 4 28 7 20 3 11 15 24 
2 3 5 19 21 6 7 25 20 22 23 1 1 0 0 0 0 0 0 0 0 0 0 1 0 0 0 0 0 0 0 0 0 0 0 0 0 1 0 1 0 0 0 0 0 0 0 0 0 0 1 1 0 0 0 0 0 0 0 0 0 0 0 0 0 0 0 0 0 1 0 0 0 0 0 0 0 0 0 0 0 0 0 0 0 0 0 0 1 0 1 1 0 0 0 0 0 2 15 18 9 27 22 8 25 11 3 17 19 4 28 23 10 20 13 5 12 21 6 24 25 11 22 8 5 3 2 7 26 20 13 23 10 19 14 16 18 12 9 27 6 24 21 15 18 19 14 4 28 7 26 6 24 9 27 21 15 14 16 17 7 26 4 28 16 17 15 18 12 25 11 22 8 6 24 5 3 2 20 13 23 10 7 26 17 19 2 22 8 25 11 9 27 12 21 3 23 10 20 13 4 28 14 16 5 
2 3 5 19 21 7 9 25 20 22 23 1 1 0 0 0 0 0 0 0 0 0 0 1 0 0 0 0 0 0 0 0 0 0 0 0 0 1 0 1 0 0 0 0 0 0 0 0 0 0 0 1 0 1 0 0 0 0 0 0 0 0 0 0 0 0 0 0 0 1 0 0 0 0 0 0 0 0 0 0 0 0 0 0 0 0 0 0 1 0 1 1 0 0 0 0 0 2 15 18 27 6 22 8 25 11 3 17 19 28 7 23 10 20 13 5 12 21 24 9 25 11 22 8 5 3 2 26 4 20 13 23 10 19 14 16 12 21 9 27 6 24 21 15 18 14 16 4 28 7 26 7 26 4 28 16 17 15 18 12 9 27 6 24 18 12 17 19 14 25 11 22 8 6 24 5 3 2 20 13 23 10 7 26 19 14 2 22 8 25 11 9 27 21 15 3 23 10 20 13 4 28 16 17 5 
2 3 5 20 26 8 10 27 16 17 28 1 1 0 0 0 0 0 0 0 0 0 0 1 0 0 0 0 0 0 0 0 0 0 0 0 0 0 1 0 0 0 0 0 1 0 0 0 0 0 0 0 1 0 1 0 0 0 0 0 0 0 0 0 0 0 0 0 0 0 0 1 0 0 0 0 0 0 0 0 0 0 0 0 1 1 0 0 0 0 0 0 0 0 0 0 1 2 8 28 20 13 7 12 14 26 3 10 24 22 8 9 14 15 27 5 11 26 23 10 4 15 17 28 5 3 2 25 11 6 17 12 24 20 13 23 12 21 27 4 22 6 26 4 28 18 12 5 10 19 3 8 25 11 22 16 21 20 6 18 10 20 13 23 18 16 22 7 19 27 6 24 9 7 2 11 21 5 16 17 19 14 24 13 8 25 23 17 19 14 16 25 15 9 27 18 28 7 26 4 9 3 21 15 2 
2 3 5 20 26 8 13 27 17 19 28 1 1 0 0 0 0 0 0 0 0 0 0 1 0 0 0 0 0 0 0 0 0 0 0 0 0 0 1 0 0 0 0 0 1 0 0 0 0 0 0 0 1 0 0 0 0 1 0 0 0 0 0 0 0 0 0 0 0 0 0 1 0 0 0 0 0 0 0 0 0 0 0 0 0 1 0 1 0 0 0 0 0 0 0 0 1 2 8 28 20 10 7 14 15 26 3 10 24 22 11 9 15 17 27 5 11 26 23 13 4 17 12 28 5 3 2 25 8 6 12 14 24 20 13 23 12 18 27 22 7 6 26 4 28 18 15 5 19 13 3 8 25 11 22 16 21 6 23 18 13 23 10 20 21 19 4 22 16 27 6 24 9 7 2 21 8 5 17 19 14 16 25 15 9 24 18 19 14 16 17 27 10 11 25 20 28 7 26 4 9 3 21 12 2 
2 3 5 20 26 11 13 24 14 19 28 1 1 0 0 0 0 0 0 0 0 0 0 1 0 0 0 0 0 0 0 0 0 0 0 0 0 0 1 0 0 0 0 0 1 0 0 0 0 0 0 0 0 0 0 1 0 1 0 0 0 0 0 0 0 0 0 0 1 0 0 0 0 0 0 0 0 0 0 0 0 0 1 0 0 0 0 1 0 0 0 0 0 0 0 0 1 2 8 28 23 10 4 17 15 26 3 10 24 25 11 6 12 17 27 5 11 26 20 13 7 14 12 28 5 3 2 22 8 9 15 14 24 20 13 23 15 18 24 25 7 6 26 4 28 21 15 2 16 13 3 11 22 8 25 19 18 6 20 21 13 23 10 20 21 19 7 22 16 24 9 27 6 4 5 21 11 2 14 16 17 19 22 12 9 27 18 19 14 16 17 27 10 8 25 23 28 7 26 4 9 3 18 12 5 
2 3 5 20 28 8 10 27 14 16 26 1 1 0 0 0 0 0 0 0 0 0 0 1 0 0 0 0 0 0 0 0 0 0 0 0 0 0 1 0 0 0 0 0 0 0 1 0 0 0 0 0 1 0 1 0 0 0 0 0 0 0 0 0 0 0 0 0 0 0 0 1 0 0 0 0 0 0 0 0 0 0 1 0 1 0 0 0 0 0 0 0 0 0 1 0 0 2 8 26 20 13 7 17 12 28 3 10 27 22 8 9 12 14 24 5 11 28 23 10 4 14 15 26 5 3 2 25 11 6 15 17 27 20 13 23 12 21 27 25 4 9 28 7 26 21 15 2 19 13 3 8 25 11 22 16 18 9 20 21 10 20 13 23 18 19 4 22 16 27 6 24 9 7 5 18 11 2 14 16 17 19 22 15 6 24 21 16 17 19 14 24 10 8 25 23 26 4 28 7 6 3 18 12 5 
2 3 5 20 28 10 11 24 16 17 26 1 1 0 0 0 0 0 0 0 0 0 0 1 0 0 0 0 0 0 0 0 0 0 0 0 0 0 1 0 0 0 0 0 0 0 1 0 0 0 0 0 0 0 1 1 0 0 0 0 0 0 0 0 0 0 0 0 1 0 0 0 0 0 0 0 0 0 0 0 0 0 0 0 1 1 0 0 0 0 0 0 0 0 1 0 0 2 8 26 13 23 4 12 14 28 3 10 27 8 25 6 14 15 24 5 11 28 10 20 7 15 17 26 5 3 2 11 22 9 17 12 27 20 13 23 21 15 24 4 22 9 28 7 26 15 18 5 13 16 3 10 20 13 23 18 19 22 7 16 11 22 8 25 19 21 23 9 18 24 9 27 6 4 2 8 18 5 16 17 19 14 24 10 25 11 20 17 19 14 16 25 12 27 6 21 26 4 28 7 6 3 12 21 2 
2 3 5 20 28 11 13 24 17 19 26 1 1 0 0 0 0 0 0 0 0 0 0 1 0 0 0 0 0 0 0 0 0 0 0 0 0 0 1 0 0 0 0 0 0 0 1 0 0 0 0 0 0 0 0 1 0 1 0 0 0 0 0 0 0 0 0 0 1 0 0 0 0 0 0 0 0 0 0 0 0 0 0 0 0 1 0 1 0 0 0 0 0 0 1 0 0 2 8 26 23 10 4 14 15 28 3 10 27 25 11 6 15 17 24 5 11 28 20 13 7 17 12 26 5 3 2 22 8 9 12 14 27 20 13 23 15 18 24 22 7 9 28 7 26 18 12 5 16 10 3 11 22 8 25 19 21 9 20 18 13 23 10 20 21 16 4 22 19 24 9 27 6 4 2 18 11 5 17 19 14 16 25 12 6 24 21 19 14 16 17 27 13 8 25 23 26 4 28 7 6 3 21 15 2 
2 3 5 21 22 6 17 28 18 20 23 1 1 0 0 0 0 0 0 0 0 0 0 1 0 0 0 0 0 0 0 0 0 0 0 0 0 0 0 1 1 0 0 0 0 0 0 0 0 0 1 0 0 0 0 0 0 0 0 0 0 1 0 0 0 0 0 0 0 0 0 0 1 0 0 0 0 0 0 0 0 0 0 0 0 0 1 0 1 0 0 1 0 0 0 0 0 2 18 25 9 14 26 21 8 11 3 19 20 4 15 27 16 10 13 5 21 22 6 17 28 18 11 8 5 3 2 7 12 24 19 13 10 21 15 18 19 24 8 3 28 26 22 8 25 12 23 7 24 2 5 6 24 9 27 15 16 12 14 17 17 19 14 16 4 11 7 25 22 28 7 26 4 20 27 23 9 6 18 12 21 15 3 4 16 27 11 20 13 23 10 26 5 17 22 6 23 10 20 13 28 2 14 25 9 
2 3 5 21 25 9 17 28 18 20 23 1 1 0 0 0 0 0 0 0 0 0 0 1 0 0 0 0 0 0 0 0 0 0 0 0 0 0 0 1 0 0 0 1 0 0 0 0 0 0 0 0 0 1 0 0 0 0 0 0 0 1 0 0 0 0 0 0 0 0 0 0 1 0 0 0 0 0 0 0 0 0 0 0 0 0 1 0 1 0 0 1 0 0 0 0 0 2 18 22 6 14 26 21 8 11 3 19 23 7 15 27 16 10 13 5 21 25 9 17 28 18 11 8 5 3 2 4 12 24 19 13 10 21 15 18 16 24 8 3 28 26 25 11 22 12 20 4 27 5 2 9 27 6 24 12 16 15 17 14 17 19 14 16 4 8 7 25 22 28 7 26 4 20 24 23 9 6 18 12 21 15 3 7 19 27 11 20 13 23 10 26 2 14 22 6 23 10 20 13 28 5 17 25 9 
2 3 5 21 26 9 10 22 16 19 28 1 1 0 0 0 0 0 0 0 0 0 0 1 0 0 0 0 0 0 0 0 0 0 0 0 0 0 0 1 0 0 0 0 1 0 0 0 0 0 0 0 0 1 1 0 0 0 0 0 0 0 0 0 0 0 1 0 0 0 0 0 0 0 0 0 0 0 0 0 0 0 0 0 1 0 0 1 0 0 0 0 0 0 0 0 1 2 18 28 6 13 25 12 15 26 3 19 24 7 8 20 14 17 27 5 21 26 9 10 22 15 12 28 5 3 2 4 11 23 17 14 24 21 15 18 16 23 7 5 2 8 26 4 28 11 12 24 10 13 3 9 27 6 24 12 23 21 18 20 10 20 13 23 11 16 22 25 19 22 8 25 11 27 4 6 9 7 16 17 19 14 2 13 18 25 9 19 14 16 17 5 10 21 22 6 28 7 26 4 20 3 8 15 27 
2 3 5 21 26 9 14 25 18 20 23 1 1 0 0 0 0 0 0 0 0 0 0 1 0 0 0 0 0 0 0 0 0 0 0 0 0 0 0 1 0 0 0 0 1 0 0 0 0 0 0 0 0 1 0 0 0 0 1 0 0 0 0 0 0 0 0 0 0 1 0 0 0 0 0 0 0 0 0 0 0 0 0 0 0 0 1 0 1 0 0 1 0 0 0 0 0 2 18 28 6 17 22 21 8 11 3 19 24 7 12 23 16 10 13 5 21 26 9 14 25 18 11 8 5 3 2 4 15 20 19 13 10 21 15 18 16 27 4 3 28 26 26 4 28 11 16 27 20 6 9 9 27 6 24 12 23 15 17 14 14 16 17 19 7 12 4 22 25 25 11 22 8 24 7 27 5 2 18 12 21 15 3 8 19 24 7 20 13 23 10 26 9 14 25 2 23 10 20 13 28 6 17 22 5 
2 3 5 21 28 9 13 25 16 19 26 1 1 0 0 0 0 0 0 0 0 0 0 1 0 0 0 0 0 0 0 0 0 0 0 0 0 0 0 1 0 0 0 0 0 0 1 0 0 0 0 0 0 1 0 0 0 1 0 0 0 0 0 0 0 0 0 0 0 1 0 0 0 0 0 0 0 0 0 0 0 0 0 0 1 0 0 1 0 0 0 0 0 0 1 0 0 2 18 26 6 10 22 12 15 28 3 19 27 7 11 23 14 17 24 5 21 28 9 13 25 15 12 26 5 3 2 4 8 20 17 14 27 21 15 18 16 20 4 5 2 11 28 7 26 8 12 24 13 10 3 9 27 6 24 12 20 21 18 23 13 23 10 20 8 16 25 22 19 25 11 22 8 24 4 9 6 7 16 17 19 14 2 10 18 22 6 19 14 16 17 5 13 21 25 9 26 4 28 7 23 3 11 15 27 
2 3 5 21 28 9 17 25 18 20 23 1 1 0 0 0 0 0 0 0 0 0 0 1 0 0 0 0 0 0 0 0 0 0 0 0 0 0 0 1 0 0 0 0 0 0 1 0 0 0 0 0 0 1 0 0 0 0 0 0 0 1 0 0 0 0 0 0 0 1 0 0 0 0 0 0 0 0 0 0 0 0 0 0 0 0 1 0 1 0 0 1 0 0 0 0 0 2 18 26 6 14 22 21 8 11 3 19 27 7 15 23 16 10 13 5 21 28 9 17 25 18 11 8 5 3 2 4 12 20 19 13 10 21 15 18 16 24 4 3 28 26 28 7 26 8 16 24 23 9 6 9 27 6 24 12 20 15 17 14 17 19 14 16 4 12 7 25 22 25 11 22 8 24 4 27 5 2 18 12 21 15 3 11 19 27 7 20 13 23 10 26 6 14 22 2 23 10 20 13 28 9 17 25 5 
2 3 5 23 26 8 13 27 14 16 28 1 1 0 0 0 0 0 0 0 0 0 0 1 0 0 0 0 0 0 0 0 0 0 0 0 0 0 0 0 0 1 0 0 1 0 0 0 0 0 0 0 1 0 0 0 0 1 0 0 0 0 0 0 0 0 0 0 0 0 0 1 0 0 0 0 0 0 0 0 0 0 1 0 1 0 0 0 0 0 0 0 0 0 0 0 1 2 11 28 20 10 7 17 12 26 3 13 24 22 11 9 12 14 27 5 8 26 23 13 4 14 15 28 5 3 2 25 8 6 15 17 24 23 10 20 15 21 24 22 7 9 26 4 28 18 15 5 16 10 3 8 25 11 22 19 21 9 20 18 13 23 10 20 18 19 7 25 16 27 6 24 9 4 2 18 11 5 14 16 17 19 25 12 6 27 21 16 17 19 14 27 13 8 22 23 28 7 26 4 6 3 21 12 2 
2 3 5 23 26 10 11 24 17 19 28 1 1 0 0 0 0 0 0 0 0 0 0 1 0 0 0 0 0 0 0 0 0 0 0 0 0 0 0 0 0 1 0 0 1 0 0 0 0 0 0 0 0 0 1 1 0 0 0 0 0 0 0 0 0 0 0 0 1 0 0 0 0 0 0 0 0 0 0 0 0 0 0 0 0 1 0 1 0 0 0 0 0 0 0 0 1 2 11 28 13 23 4 14 15 26 3 13 24 8 25 6 15 17 27 5 8 26 10 20 7 17 12 28 5 3 2 11 22 9 12 14 24 23 10 20 18 12 27 25 4 9 26 4 28 12 21 2 19 13 3 10 20 13 23 21 16 7 25 19 11 22 8 25 16 18 9 20 21 24 9 27 6 7 5 18 11 2 17 19 14 16 22 15 27 6 21 19 14 16 17 24 10 22 8 23 28 7 26 4 6 3 15 18 5 
2 3 5 23 26 11 13 24 16 17 28 1 1 0 0 0 0 0 0 0 0 0 0 1 0 0 0 0 0 0 0 0 0 0 0 0 0 0 0 0 0 1 0 0 1 0 0 0 0 0 0 0 0 0 0 1 0 1 0 0 0 0 0 0 0 0 0 0 1 0 0 0 0 0 0 0 0 0 0 0 0 0 0 0 1 1 0 0 0 0 0 0 0 0 0 0 1 2 11 28 23 10 4 12 14 26 3 13 24 25 11 6 14 15 27 5 8 26 20 13 7 15 17 28 5 3 2 22 8 9 17 12 24 23 10 20 12 21 27 7 25 9 26 4 28 21 15 2 10 19 3 11 22 8 25 16 18 23 9 21 13 23 10 20 18 19 25 4 16 24 9 27 6 7 5 8 18 2 16 17 19 14 27 13 11 22 20 17 19 14 16 22 15 6 24 21 28 7 26 4 6 3 18 12 5 
